00:02:02,MsgId,6,Data0,1,Data1,1,Data2,0,Data3,0
00:02:03,MsgId,6,Data0,1,Data1,2,Data2,0,Data3,0
00:02:03,MsgId,6,Data0,1,Data1,3,Data2,0,Data3,0
00:02:03,MsgId,6,Data0,1,Data1,4,Data2,0,Data3,0
00:02:03,MsgId,6,Data0,1,Data1,5,Data2,0,Data3,0
00:02:04,MsgId,6,Data0,2,Data1,1,Data2,0,Data3,0
00:02:04,MsgId,6,Data0,2,Data1,2,Data2,0,Data3,0
00:02:04,MsgId,6,Data0,2,Data1,3,Data2,0,Data3,0
00:02:04,MsgId,6,Data0,2,Data1,4,Data2,0,Data3,0
00:02:04,MsgId,6,Data0,2,Data1,5,Data2,0,Data3,0
00:02:05,MsgId,6,Data0,3,Data1,1,Data2,0,Data3,0
00:02:05,MsgId,6,Data0,3,Data1,2,Data2,0,Data3,0
00:02:05,MsgId,6,Data0,3,Data1,3,Data2,0,Data3,0
00:02:05,MsgId,6,Data0,3,Data1,4,Data2,0,Data3,0
00:02:05,MsgId,6,Data0,3,Data1,5,Data2,0,Data3,0
00:02:06,MsgId,6,Data0,4,Data1,1,Data2,0,Data3,0
00:02:06,MsgId,6,Data0,4,Data1,2,Data2,0,Data3,0
00:02:06,MsgId,6,Data0,4,Data1,3,Data2,0,Data3,0
00:02:06,MsgId,6,Data0,4,Data1,4,Data2,0,Data3,0
00:02:06,MsgId,6,Data0,4,Data1,5,Data2,0,Data3,0
00:02:07,MsgId,7,Data0,1,Data1,0,Data2,0
00:02:07,MsgId,7,Data0,2,Data1,0,Data2,0
00:02:07,MsgId,7,Data0,3,Data1,0,Data2,0
00:02:07,MsgId,7,Data0,4,Data1,0,Data2,0
00:02:07,MsgId,5
00:02:07,MsgId,51,Data0,0,Data1,7
00:02:07,MsgId,1
00:07:02,MsgId,6,Data0,1,Data1,1,Data2,0,Data3,0
00:07:03,MsgId,6,Data0,1,Data1,2,Data2,0,Data3,0
00:07:03,MsgId,6,Data0,1,Data1,3,Data2,0,Data3,0
00:07:03,MsgId,6,Data0,1,Data1,4,Data2,0,Data3,0
00:07:03,MsgId,6,Data0,1,Data1,5,Data2,0,Data3,0
00:07:04,MsgId,6,Data0,2,Data1,1,Data2,0,Data3,0
00:07:04,MsgId,6,Data0,2,Data1,2,Data2,0,Data3,0
00:07:04,MsgId,6,Data0,2,Data1,3,Data2,0,Data3,0
00:07:04,MsgId,6,Data0,2,Data1,4,Data2,0,Data3,0
00:07:04,MsgId,6,Data0,2,Data1,5,Data2,0,Data3,0
00:07:05,MsgId,6,Data0,3,Data1,1,Data2,0,Data3,0
00:07:05,MsgId,6,Data0,3,Data1,2,Data2,0,Data3,0
00:07:05,MsgId,6,Data0,3,Data1,3,Data2,0,Data3,0
00:07:05,MsgId,6,Data0,3,Data1,4,Data2,0,Data3,0
00:07:05,MsgId,6,Data0,3,Data1,5,Data2,0,Data3,0
00:07:06,MsgId,6,Data0,4,Data1,1,Data2,0,Data3,0
00:07:06,MsgId,6,Data0,4,Data1,2,Data2,0,Data3,0
00:07:06,MsgId,6,Data0,4,Data1,3,Data2,0,Data3,0
00:07:06,MsgId,6,Data0,4,Data1,4,Data2,0,Data3,0
00:07:06,MsgId,6,Data0,4,Data1,5,Data2,0,Data3,0
00:07:07,MsgId,7,Data0,1,Data1,0,Data2,0
00:07:07,MsgId,7,Data0,2,Data1,0,Data2,0
00:07:07,MsgId,7,Data0,3,Data1,0,Data2,0
00:07:07,MsgId,7,Data0,4,Data1,0,Data2,0
00:07:07,MsgId,5
00:07:07,MsgId,51,Data0,0,Data1,3
00:07:07,MsgId,1
00:12:02,MsgId,6,Data0,1,Data1,1,Data2,0,Data3,0
00:12:03,MsgId,6,Data0,1,Data1,2,Data2,0,Data3,0
00:12:03,MsgId,6,Data0,1,Data1,3,Data2,0,Data3,0
00:12:03,MsgId,6,Data0,1,Data1,4,Data2,0,Data3,0
00:12:03,MsgId,6,Data0,1,Data1,5,Data2,0,Data3,0
00:12:04,MsgId,6,Data0,2,Data1,1,Data2,0,Data3,0
00:12:04,MsgId,6,Data0,2,Data1,2,Data2,0,Data3,0
00:12:04,MsgId,6,Data0,2,Data1,3,Data2,0,Data3,0
00:12:04,MsgId,6,Data0,2,Data1,4,Data2,0,Data3,0
00:12:04,MsgId,6,Data0,2,Data1,5,Data2,0,Data3,0
00:12:05,MsgId,6,Data0,3,Data1,1,Data2,0,Data3,0
00:12:05,MsgId,6,Data0,3,Data1,2,Data2,0,Data3,0
00:12:05,MsgId,6,Data0,3,Data1,3,Data2,0,Data3,0
00:12:05,MsgId,6,Data0,3,Data1,4,Data2,0,Data3,0
00:12:05,MsgId,6,Data0,3,Data1,5,Data2,0,Data3,0
00:12:06,MsgId,6,Data0,4,Data1,1,Data2,0,Data3,0
00:12:06,MsgId,6,Data0,4,Data1,2,Data2,0,Data3,0
00:12:06,MsgId,6,Data0,4,Data1,3,Data2,0,Data3,0
00:12:06,MsgId,6,Data0,4,Data1,4,Data2,0,Data3,0
00:12:06,MsgId,6,Data0,4,Data1,5,Data2,0,Data3,0
00:12:07,MsgId,7,Data0,1,Data1,0,Data2,0
00:12:07,MsgId,7,Data0,2,Data1,0,Data2,0
00:12:07,MsgId,7,Data0,3,Data1,0,Data2,0
00:12:07,MsgId,7,Data0,4,Data1,0,Data2,0
00:12:07,MsgId,5
00:12:07,MsgId,51,Data0,0,Data1,7
00:12:07,MsgId,1
00:17:03,MsgId,6,Data0,1,Data1,1,Data2,0,Data3,0
00:17:03,MsgId,6,Data0,1,Data1,2,Data2,0,Data3,0
00:17:03,MsgId,6,Data0,1,Data1,3,Data2,0,Data3,0
00:17:03,MsgId,6,Data0,1,Data1,4,Data2,0,Data3,0
00:17:03,MsgId,6,Data0,1,Data1,5,Data2,0,Data3,0
00:17:04,MsgId,6,Data0,2,Data1,1,Data2,0,Data3,0
00:17:04,MsgId,6,Data0,2,Data1,2,Data2,0,Data3,0
00:17:04,MsgId,6,Data0,2,Data1,3,Data2,0,Data3,0
00:17:04,MsgId,6,Data0,2,Data1,4,Data2,0,Data3,0
00:17:04,MsgId,6,Data0,2,Data1,5,Data2,0,Data3,0
00:17:05,MsgId,6,Data0,3,Data1,1,Data2,0,Data3,0
00:17:05,MsgId,6,Data0,3,Data1,2,Data2,0,Data3,0
00:17:05,MsgId,6,Data0,3,Data1,3,Data2,0,Data3,0
00:17:05,MsgId,6,Data0,3,Data1,4,Data2,0,Data3,0
00:17:05,MsgId,6,Data0,3,Data1,5,Data2,0,Data3,0
00:17:06,MsgId,6,Data0,4,Data1,1,Data2,0,Data3,0
00:17:06,MsgId,6,Data0,4,Data1,2,Data2,0,Data3,0
00:17:06,MsgId,6,Data0,4,Data1,3,Data2,0,Data3,0
00:17:06,MsgId,6,Data0,4,Data1,4,Data2,0,Data3,0
00:17:06,MsgId,6,Data0,4,Data1,5,Data2,0,Data3,0
00:17:07,MsgId,7,Data0,1,Data1,0,Data2,0
00:17:07,MsgId,7,Data0,2,Data1,0,Data2,0
00:17:07,MsgId,7,Data0,3,Data1,0,Data2,0
00:17:07,MsgId,7,Data0,4,Data1,0,Data2,0
00:17:07,MsgId,5
00:17:07,MsgId,51,Data0,0,Data1,0
00:17:07,MsgId,1
00:22:03,MsgId,6,Data0,1,Data1,1,Data2,0,Data3,0
00:22:03,MsgId,6,Data0,1,Data1,2,Data2,0,Data3,0
00:22:03,MsgId,6,Data0,1,Data1,3,Data2,0,Data3,0
00:22:03,MsgId,6,Data0,1,Data1,4,Data2,0,Data3,0
00:22:03,MsgId,6,Data0,1,Data1,5,Data2,0,Data3,0
00:22:04,MsgId,6,Data0,2,Data1,1,Data2,0,Data3,0
00:22:04,MsgId,6,Data0,2,Data1,2,Data2,0,Data3,0
00:22:04,MsgId,6,Data0,2,Data1,3,Data2,0,Data3,0
00:22:04,MsgId,6,Data0,2,Data1,4,Data2,0,Data3,0
00:22:04,MsgId,6,Data0,2,Data1,5,Data2,0,Data3,0
00:22:05,MsgId,6,Data0,3,Data1,1,Data2,0,Data3,0
00:22:05,MsgId,6,Data0,3,Data1,2,Data2,0,Data3,0
00:22:05,MsgId,6,Data0,3,Data1,3,Data2,0,Data3,0
00:22:05,MsgId,6,Data0,3,Data1,4,Data2,0,Data3,0
00:22:05,MsgId,6,Data0,3,Data1,5,Data2,0,Data3,0
00:22:06,MsgId,6,Data0,4,Data1,1,Data2,0,Data3,0
00:22:06,MsgId,6,Data0,4,Data1,2,Data2,0,Data3,0
00:22:06,MsgId,6,Data0,4,Data1,3,Data2,0,Data3,0
00:22:06,MsgId,6,Data0,4,Data1,4,Data2,0,Data3,0
00:22:06,MsgId,6,Data0,4,Data1,5,Data2,0,Data3,0
00:22:07,MsgId,7,Data0,1,Data1,0,Data2,0
00:22:07,MsgId,7,Data0,2,Data1,0,Data2,0
00:22:07,MsgId,7,Data0,3,Data1,0,Data2,0
00:22:07,MsgId,7,Data0,4,Data1,0,Data2,0
00:22:07,MsgId,5
00:22:07,MsgId,51,Data0,0,Data1,7
00:22:07,MsgId,1
00:27:03,MsgId,6,Data0,1,Data1,1,Data2,0,Data3,0
00:27:03,MsgId,6,Data0,1,Data1,2,Data2,0,Data3,0
00:27:03,MsgId,6,Data0,1,Data1,3,Data2,0,Data3,0
00:27:03,MsgId,6,Data0,1,Data1,4,Data2,0,Data3,0
00:27:03,MsgId,6,Data0,1,Data1,5,Data2,0,Data3,0
00:27:04,MsgId,6,Data0,2,Data1,1,Data2,0,Data3,0
00:27:04,MsgId,6,Data0,2,Data1,2,Data2,0,Data3,0
00:27:04,MsgId,6,Data0,2,Data1,3,Data2,0,Data3,0
00:27:04,MsgId,6,Data0,2,Data1,4,Data2,0,Data3,0
00:27:04,MsgId,6,Data0,2,Data1,5,Data2,0,Data3,0
00:27:05,MsgId,6,Data0,3,Data1,1,Data2,0,Data3,0
00:27:05,MsgId,6,Data0,3,Data1,2,Data2,0,Data3,0
00:27:05,MsgId,6,Data0,3,Data1,3,Data2,0,Data3,0
00:27:05,MsgId,6,Data0,3,Data1,4,Data2,0,Data3,0
00:27:05,MsgId,6,Data0,3,Data1,5,Data2,0,Data3,0
00:27:06,MsgId,6,Data0,4,Data1,1,Data2,0,Data3,0
00:27:06,MsgId,6,Data0,4,Data1,2,Data2,0,Data3,0
00:27:06,MsgId,6,Data0,4,Data1,3,Data2,0,Data3,0
00:27:06,MsgId,6,Data0,4,Data1,4,Data2,0,Data3,0
00:27:06,MsgId,6,Data0,4,Data1,5,Data2,0,Data3,0
00:27:07,MsgId,7,Data0,1,Data1,0,Data2,0
00:27:07,MsgId,7,Data0,2,Data1,0,Data2,0
00:27:07,MsgId,7,Data0,3,Data1,0,Data2,0
00:27:07,MsgId,7,Data0,4,Data1,0,Data2,0
00:27:07,MsgId,5
00:27:07,MsgId,51,Data0,0,Data1,3
00:27:07,MsgId,1
00:32:03,MsgId,6,Data0,1,Data1,1,Data2,0,Data3,0
00:32:03,MsgId,6,Data0,1,Data1,2,Data2,0,Data3,0
00:32:03,MsgId,6,Data0,1,Data1,3,Data2,0,Data3,0
00:32:03,MsgId,6,Data0,1,Data1,4,Data2,0,Data3,0
00:32:03,MsgId,6,Data0,1,Data1,5,Data2,0,Data3,0
00:32:04,MsgId,6,Data0,2,Data1,1,Data2,0,Data3,0
00:32:04,MsgId,6,Data0,2,Data1,2,Data2,0,Data3,0
00:32:04,MsgId,6,Data0,2,Data1,3,Data2,0,Data3,0
00:32:04,MsgId,6,Data0,2,Data1,4,Data2,0,Data3,0
00:32:04,MsgId,6,Data0,2,Data1,5,Data2,0,Data3,0
00:32:05,MsgId,6,Data0,3,Data1,1,Data2,0,Data3,0
00:32:05,MsgId,6,Data0,3,Data1,2,Data2,0,Data3,0
00:32:05,MsgId,6,Data0,3,Data1,3,Data2,0,Data3,0
00:32:05,MsgId,6,Data0,3,Data1,4,Data2,0,Data3,0
00:32:05,MsgId,6,Data0,3,Data1,5,Data2,0,Data3,0
00:32:06,MsgId,6,Data0,4,Data1,1,Data2,0,Data3,0
00:32:06,MsgId,6,Data0,4,Data1,2,Data2,0,Data3,0
00:32:06,MsgId,6,Data0,4,Data1,3,Data2,0,Data3,0
00:32:06,MsgId,6,Data0,4,Data1,4,Data2,0,Data3,0
00:32:06,MsgId,6,Data0,4,Data1,5,Data2,0,Data3,0
00:32:07,MsgId,7,Data0,1,Data1,0,Data2,0
00:32:07,MsgId,7,Data0,2,Data1,0,Data2,0
00:32:07,MsgId,7,Data0,3,Data1,0,Data2,0
00:32:07,MsgId,7,Data0,4,Data1,0,Data2,0
00:32:07,MsgId,5
00:32:07,MsgId,51,Data0,0,Data1,3
00:32:07,MsgId,1
00:37:03,MsgId,6,Data0,1,Data1,1,Data2,0,Data3,0
00:37:03,MsgId,6,Data0,1,Data1,2,Data2,0,Data3,0
00:37:03,MsgId,6,Data0,1,Data1,3,Data2,0,Data3,0
00:37:03,MsgId,6,Data0,1,Data1,4,Data2,0,Data3,0
00:37:03,MsgId,6,Data0,1,Data1,5,Data2,0,Data3,0
00:37:04,MsgId,6,Data0,2,Data1,1,Data2,0,Data3,0
00:37:04,MsgId,6,Data0,2,Data1,2,Data2,0,Data3,0
00:37:04,MsgId,6,Data0,2,Data1,3,Data2,0,Data3,0
00:37:04,MsgId,6,Data0,2,Data1,4,Data2,0,Data3,0
00:37:04,MsgId,6,Data0,2,Data1,5,Data2,0,Data3,0
00:37:05,MsgId,6,Data0,3,Data1,1,Data2,0,Data3,0
00:37:05,MsgId,6,Data0,3,Data1,2,Data2,0,Data3,0
00:37:05,MsgId,6,Data0,3,Data1,3,Data2,0,Data3,0
00:37:05,MsgId,6,Data0,3,Data1,4,Data2,0,Data3,0
00:37:05,MsgId,6,Data0,3,Data1,5,Data2,0,Data3,0
00:37:06,MsgId,6,Data0,4,Data1,1,Data2,0,Data3,0
00:37:06,MsgId,6,Data0,4,Data1,2,Data2,0,Data3,0
00:37:06,MsgId,6,Data0,4,Data1,3,Data2,0,Data3,0
00:37:06,MsgId,6,Data0,4,Data1,4,Data2,0,Data3,0
00:37:06,MsgId,6,Data0,4,Data1,5,Data2,0,Data3,0
00:37:07,MsgId,7,Data0,1,Data1,0,Data2,0
00:37:07,MsgId,7,Data0,2,Data1,0,Data2,0
00:37:07,MsgId,7,Data0,3,Data1,0,Data2,0
00:37:07,MsgId,7,Data0,4,Data1,0,Data2,0
00:37:07,MsgId,5
00:37:07,MsgId,51,Data0,0,Data1,0
00:37:07,MsgId,1
00:42:03,MsgId,6,Data0,1,Data1,1,Data2,0,Data3,0
00:42:03,MsgId,6,Data0,1,Data1,2,Data2,0,Data3,0
00:42:03,MsgId,6,Data0,1,Data1,3,Data2,0,Data3,0
00:42:03,MsgId,6,Data0,1,Data1,4,Data2,0,Data3,0
00:42:03,MsgId,6,Data0,1,Data1,5,Data2,0,Data3,0
00:42:04,MsgId,6,Data0,2,Data1,1,Data2,0,Data3,0
00:42:04,MsgId,6,Data0,2,Data1,2,Data2,0,Data3,0
00:42:04,MsgId,6,Data0,2,Data1,3,Data2,0,Data3,0
00:42:04,MsgId,6,Data0,2,Data1,4,Data2,0,Data3,0
00:42:04,MsgId,6,Data0,2,Data1,5,Data2,0,Data3,0
00:42:05,MsgId,6,Data0,3,Data1,1,Data2,0,Data3,0
00:42:05,MsgId,6,Data0,3,Data1,2,Data2,0,Data3,0
00:42:05,MsgId,6,Data0,3,Data1,3,Data2,0,Data3,0
00:42:05,MsgId,6,Data0,3,Data1,4,Data2,0,Data3,0
00:42:05,MsgId,6,Data0,3,Data1,5,Data2,0,Data3,0
00:42:06,MsgId,6,Data0,4,Data1,1,Data2,0,Data3,0
00:42:06,MsgId,6,Data0,4,Data1,2,Data2,0,Data3,0
00:42:06,MsgId,6,Data0,4,Data1,3,Data2,0,Data3,0
00:42:06,MsgId,6,Data0,4,Data1,4,Data2,0,Data3,0
00:42:06,MsgId,6,Data0,4,Data1,5,Data2,0,Data3,0
00:42:07,MsgId,7,Data0,1,Data1,0,Data2,0
00:42:07,MsgId,7,Data0,2,Data1,0,Data2,0
00:42:07,MsgId,7,Data0,3,Data1,0,Data2,0
00:42:07,MsgId,7,Data0,4,Data1,0,Data2,0
00:42:07,MsgId,5
00:42:07,MsgId,51,Data0,0,Data1,7
00:42:07,MsgId,1
00:47:03,MsgId,6,Data0,1,Data1,1,Data2,0,Data3,0
00:47:03,MsgId,6,Data0,1,Data1,2,Data2,0,Data3,0
00:47:03,MsgId,6,Data0,1,Data1,3,Data2,0,Data3,0
00:47:03,MsgId,6,Data0,1,Data1,4,Data2,0,Data3,0
00:47:03,MsgId,6,Data0,1,Data1,5,Data2,0,Data3,0
00:47:04,MsgId,6,Data0,2,Data1,1,Data2,0,Data3,0
00:47:04,MsgId,6,Data0,2,Data1,2,Data2,0,Data3,0
00:47:04,MsgId,6,Data0,2,Data1,3,Data2,0,Data3,0
00:47:04,MsgId,6,Data0,2,Data1,4,Data2,0,Data3,0
00:47:04,MsgId,6,Data0,2,Data1,5,Data2,0,Data3,0
00:47:05,MsgId,6,Data0,3,Data1,1,Data2,0,Data3,0
00:47:05,MsgId,6,Data0,3,Data1,2,Data2,0,Data3,0
00:47:05,MsgId,6,Data0,3,Data1,3,Data2,0,Data3,0
00:47:05,MsgId,6,Data0,3,Data1,4,Data2,0,Data3,0
00:47:05,MsgId,6,Data0,3,Data1,5,Data2,0,Data3,0
00:47:06,MsgId,6,Data0,4,Data1,1,Data2,0,Data3,0
00:47:06,MsgId,6,Data0,4,Data1,2,Data2,0,Data3,0
00:47:06,MsgId,6,Data0,4,Data1,3,Data2,0,Data3,0
00:47:06,MsgId,6,Data0,4,Data1,4,Data2,0,Data3,0
00:47:06,MsgId,6,Data0,4,Data1,5,Data2,0,Data3,0
00:47:07,MsgId,7,Data0,1,Data1,0,Data2,0
00:47:07,MsgId,7,Data0,2,Data1,0,Data2,0
00:47:07,MsgId,7,Data0,3,Data1,0,Data2,0
00:47:07,MsgId,7,Data0,4,Data1,0,Data2,0
00:47:07,MsgId,5
00:47:07,MsgId,51,Data0,0,Data1,0
00:47:07,MsgId,1
00:52:03,MsgId,6,Data0,1,Data1,1,Data2,0,Data3,0
00:52:03,MsgId,6,Data0,1,Data1,2,Data2,0,Data3,0
00:52:03,MsgId,6,Data0,1,Data1,3,Data2,0,Data3,0
00:52:03,MsgId,6,Data0,1,Data1,4,Data2,0,Data3,0
00:52:03,MsgId,6,Data0,1,Data1,5,Data2,0,Data3,0
00:52:04,MsgId,6,Data0,2,Data1,1,Data2,0,Data3,0
00:52:04,MsgId,6,Data0,2,Data1,2,Data2,0,Data3,0
00:52:04,MsgId,6,Data0,2,Data1,3,Data2,0,Data3,0
00:52:04,MsgId,6,Data0,2,Data1,4,Data2,0,Data3,0
00:52:04,MsgId,6,Data0,2,Data1,5,Data2,0,Data3,0
00:52:05,MsgId,6,Data0,3,Data1,1,Data2,0,Data3,0
00:52:05,MsgId,6,Data0,3,Data1,2,Data2,0,Data3,0
00:52:05,MsgId,6,Data0,3,Data1,3,Data2,0,Data3,0
00:52:05,MsgId,6,Data0,3,Data1,4,Data2,0,Data3,0
00:52:05,MsgId,6,Data0,3,Data1,5,Data2,0,Data3,0
00:52:06,MsgId,6,Data0,4,Data1,1,Data2,0,Data3,0
00:52:06,MsgId,6,Data0,4,Data1,2,Data2,0,Data3,0
00:52:06,MsgId,6,Data0,4,Data1,3,Data2,0,Data3,0
00:52:06,MsgId,6,Data0,4,Data1,4,Data2,0,Data3,0
00:52:06,MsgId,6,Data0,4,Data1,5,Data2,0,Data3,0
00:52:07,MsgId,7,Data0,1,Data1,0,Data2,0
00:52:07,MsgId,7,Data0,2,Data1,0,Data2,0
00:52:07,MsgId,7,Data0,3,Data1,0,Data2,0
00:52:07,MsgId,7,Data0,4,Data1,0,Data2,0
00:52:07,MsgId,5
00:52:07,MsgId,51,Data0,0,Data1,7
00:52:07,MsgId,1
00:57:03,MsgId,6,Data0,1,Data1,1,Data2,0,Data3,0
00:57:03,MsgId,6,Data0,1,Data1,2,Data2,0,Data3,0
00:57:03,MsgId,6,Data0,1,Data1,3,Data2,0,Data3,0
00:57:03,MsgId,6,Data0,1,Data1,4,Data2,0,Data3,0
00:57:03,MsgId,6,Data0,1,Data1,5,Data2,0,Data3,0
00:57:04,MsgId,6,Data0,2,Data1,1,Data2,0,Data3,0
00:57:04,MsgId,6,Data0,2,Data1,2,Data2,0,Data3,0
00:57:04,MsgId,6,Data0,2,Data1,3,Data2,0,Data3,0
00:57:04,MsgId,6,Data0,2,Data1,4,Data2,0,Data3,0
00:57:04,MsgId,6,Data0,2,Data1,5,Data2,0,Data3,0
00:57:05,MsgId,6,Data0,3,Data1,1,Data2,0,Data3,0
00:57:05,MsgId,6,Data0,3,Data1,2,Data2,0,Data3,0
00:57:05,MsgId,6,Data0,3,Data1,3,Data2,0,Data3,0
00:57:05,MsgId,6,Data0,3,Data1,4,Data2,0,Data3,0
00:57:05,MsgId,6,Data0,3,Data1,5,Data2,0,Data3,0
00:57:06,MsgId,6,Data0,4,Data1,1,Data2,0,Data3,0
00:57:06,MsgId,6,Data0,4,Data1,2,Data2,0,Data3,0
00:57:06,MsgId,6,Data0,4,Data1,3,Data2,0,Data3,0
00:57:06,MsgId,6,Data0,4,Data1,4,Data2,0,Data3,0
00:57:06,MsgId,6,Data0,4,Data1,5,Data2,0,Data3,0
00:57:07,MsgId,7,Data0,1,Data1,0,Data2,0
00:57:07,MsgId,7,Data0,2,Data1,0,Data2,0
00:57:07,MsgId,7,Data0,3,Data1,0,Data2,0
00:57:07,MsgId,7,Data0,4,Data1,0,Data2,0
00:57:07,MsgId,5
00:57:07,MsgId,51,Data0,0,Data1,7
00:57:07,MsgId,1
01:02:03,MsgId,6,Data0,1,Data1,1,Data2,0,Data3,0
01:02:03,MsgId,6,Data0,1,Data1,2,Data2,0,Data3,0
01:02:03,MsgId,6,Data0,1,Data1,3,Data2,0,Data3,0
01:02:03,MsgId,6,Data0,1,Data1,4,Data2,0,Data3,0
01:02:03,MsgId,6,Data0,1,Data1,5,Data2,0,Data3,0
01:02:04,MsgId,6,Data0,2,Data1,1,Data2,0,Data3,0
01:02:04,MsgId,6,Data0,2,Data1,2,Data2,0,Data3,0
01:02:04,MsgId,6,Data0,2,Data1,3,Data2,0,Data3,0
01:02:04,MsgId,6,Data0,2,Data1,4,Data2,0,Data3,0
01:02:04,MsgId,6,Data0,2,Data1,5,Data2,0,Data3,0
01:02:05,MsgId,6,Data0,3,Data1,1,Data2,0,Data3,0
01:02:05,MsgId,6,Data0,3,Data1,2,Data2,0,Data3,0
01:02:05,MsgId,6,Data0,3,Data1,3,Data2,0,Data3,0
01:02:05,MsgId,6,Data0,3,Data1,4,Data2,0,Data3,0
01:02:05,MsgId,6,Data0,3,Data1,5,Data2,0,Data3,0
01:02:06,MsgId,6,Data0,4,Data1,1,Data2,0,Data3,0
01:02:06,MsgId,6,Data0,4,Data1,2,Data2,0,Data3,0
01:02:06,MsgId,6,Data0,4,Data1,3,Data2,0,Data3,0
01:02:06,MsgId,6,Data0,4,Data1,4,Data2,0,Data3,0
01:02:06,MsgId,6,Data0,4,Data1,5,Data2,0,Data3,0
01:02:07,MsgId,7,Data0,1,Data1,0,Data2,0
01:02:07,MsgId,7,Data0,2,Data1,0,Data2,0
01:02:07,MsgId,7,Data0,3,Data1,0,Data2,0
01:02:07,MsgId,7,Data0,4,Data1,0,Data2,0
01:02:07,MsgId,5
01:02:07,MsgId,51,Data0,0,Data1,7
01:02:07,MsgId,1
01:07:03,MsgId,6,Data0,1,Data1,1,Data2,0,Data3,0
01:07:03,MsgId,6,Data0,1,Data1,2,Data2,0,Data3,0
01:07:03,MsgId,6,Data0,1,Data1,3,Data2,0,Data3,0
01:07:03,MsgId,6,Data0,1,Data1,4,Data2,0,Data3,0
01:07:03,MsgId,6,Data0,1,Data1,5,Data2,0,Data3,0
01:07:04,MsgId,6,Data0,2,Data1,1,Data2,0,Data3,0
01:07:04,MsgId,6,Data0,2,Data1,2,Data2,0,Data3,0
01:07:04,MsgId,6,Data0,2,Data1,3,Data2,0,Data3,0
01:07:04,MsgId,6,Data0,2,Data1,4,Data2,0,Data3,0
01:07:04,MsgId,6,Data0,2,Data1,5,Data2,0,Data3,0
01:07:05,MsgId,6,Data0,3,Data1,1,Data2,0,Data3,0
01:07:05,MsgId,6,Data0,3,Data1,2,Data2,0,Data3,0
01:07:05,MsgId,6,Data0,3,Data1,3,Data2,0,Data3,0
01:07:05,MsgId,6,Data0,3,Data1,4,Data2,0,Data3,0
01:07:05,MsgId,6,Data0,3,Data1,5,Data2,0,Data3,0
01:07:06,MsgId,6,Data0,4,Data1,1,Data2,0,Data3,0
01:07:06,MsgId,6,Data0,4,Data1,2,Data2,0,Data3,0
01:07:06,MsgId,6,Data0,4,Data1,3,Data2,0,Data3,0
01:07:06,MsgId,6,Data0,4,Data1,4,Data2,0,Data3,0
01:07:06,MsgId,6,Data0,4,Data1,5,Data2,0,Data3,0
01:07:07,MsgId,7,Data0,1,Data1,0,Data2,0
01:07:07,MsgId,7,Data0,2,Data1,0,Data2,0
01:07:07,MsgId,7,Data0,3,Data1,0,Data2,0
01:07:07,MsgId,7,Data0,4,Data1,0,Data2,0
01:07:07,MsgId,5
01:07:07,MsgId,51,Data0,0,Data1,7
01:07:07,MsgId,1
01:12:03,MsgId,6,Data0,1,Data1,1,Data2,0,Data3,0
01:12:03,MsgId,6,Data0,1,Data1,2,Data2,0,Data3,0
01:12:03,MsgId,6,Data0,1,Data1,3,Data2,0,Data3,0
01:12:03,MsgId,6,Data0,1,Data1,4,Data2,0,Data3,0
01:12:03,MsgId,6,Data0,1,Data1,5,Data2,0,Data3,0
01:12:04,MsgId,6,Data0,2,Data1,1,Data2,0,Data3,0
01:12:04,MsgId,6,Data0,2,Data1,2,Data2,0,Data3,0
01:12:04,MsgId,6,Data0,2,Data1,3,Data2,0,Data3,0
01:12:04,MsgId,6,Data0,2,Data1,4,Data2,0,Data3,0
01:12:04,MsgId,6,Data0,2,Data1,5,Data2,0,Data3,0
01:12:05,MsgId,6,Data0,3,Data1,1,Data2,0,Data3,0
01:12:05,MsgId,6,Data0,3,Data1,2,Data2,0,Data3,0
01:12:05,MsgId,6,Data0,3,Data1,3,Data2,0,Data3,0
01:12:05,MsgId,6,Data0,3,Data1,4,Data2,0,Data3,0
01:12:05,MsgId,6,Data0,3,Data1,5,Data2,0,Data3,0
01:12:06,MsgId,6,Data0,4,Data1,1,Data2,0,Data3,0
01:12:06,MsgId,6,Data0,4,Data1,2,Data2,0,Data3,0
01:12:06,MsgId,6,Data0,4,Data1,3,Data2,0,Data3,0
01:12:06,MsgId,6,Data0,4,Data1,4,Data2,0,Data3,0
01:12:06,MsgId,6,Data0,4,Data1,5,Data2,0,Data3,0
01:12:07,MsgId,7,Data0,1,Data1,0,Data2,0
01:12:07,MsgId,7,Data0,2,Data1,0,Data2,0
01:12:07,MsgId,7,Data0,3,Data1,0,Data2,0
01:12:07,MsgId,7,Data0,4,Data1,0,Data2,0
01:12:07,MsgId,5
01:12:07,MsgId,51,Data0,0,Data1,7
01:12:07,MsgId,1
01:17:03,MsgId,6,Data0,1,Data1,1,Data2,0,Data3,0
01:17:03,MsgId,6,Data0,1,Data1,2,Data2,0,Data3,0
01:17:03,MsgId,6,Data0,1,Data1,3,Data2,0,Data3,0
01:17:03,MsgId,6,Data0,1,Data1,4,Data2,0,Data3,0
01:17:03,MsgId,6,Data0,1,Data1,5,Data2,0,Data3,0
01:17:04,MsgId,6,Data0,2,Data1,1,Data2,0,Data3,0
01:17:04,MsgId,6,Data0,2,Data1,2,Data2,0,Data3,0
01:17:04,MsgId,6,Data0,2,Data1,3,Data2,0,Data3,0
01:17:04,MsgId,6,Data0,2,Data1,4,Data2,0,Data3,0
01:17:04,MsgId,6,Data0,2,Data1,5,Data2,0,Data3,0
01:17:05,MsgId,6,Data0,3,Data1,1,Data2,0,Data3,0
01:17:05,MsgId,6,Data0,3,Data1,2,Data2,0,Data3,0
01:17:05,MsgId,6,Data0,3,Data1,3,Data2,0,Data3,0
01:17:05,MsgId,6,Data0,3,Data1,4,Data2,0,Data3,0
01:17:05,MsgId,6,Data0,3,Data1,5,Data2,0,Data3,0
01:17:06,MsgId,6,Data0,4,Data1,1,Data2,0,Data3,0
01:17:06,MsgId,6,Data0,4,Data1,2,Data2,0,Data3,0
01:17:06,MsgId,6,Data0,4,Data1,3,Data2,0,Data3,0
01:17:06,MsgId,6,Data0,4,Data1,4,Data2,0,Data3,0
01:17:07,MsgId,6,Data0,4,Data1,5,Data2,0,Data3,0
01:17:07,MsgId,7,Data0,1,Data1,0,Data2,0
01:17:07,MsgId,7,Data0,2,Data1,0,Data2,0
01:17:07,MsgId,7,Data0,3,Data1,0,Data2,0
01:17:07,MsgId,7,Data0,4,Data1,0,Data2,0
01:17:07,MsgId,5
01:17:07,MsgId,51,Data0,0,Data1,3
01:17:07,MsgId,1
01:22:03,MsgId,6,Data0,1,Data1,1,Data2,0,Data3,0
01:22:03,MsgId,6,Data0,1,Data1,2,Data2,0,Data3,0
01:22:03,MsgId,6,Data0,1,Data1,3,Data2,0,Data3,0
01:22:03,MsgId,6,Data0,1,Data1,4,Data2,0,Data3,0
01:22:03,MsgId,6,Data0,1,Data1,5,Data2,0,Data3,0
01:22:04,MsgId,6,Data0,2,Data1,1,Data2,0,Data3,0
01:22:04,MsgId,6,Data0,2,Data1,2,Data2,0,Data3,0
01:22:04,MsgId,6,Data0,2,Data1,3,Data2,0,Data3,0
01:22:04,MsgId,6,Data0,2,Data1,4,Data2,0,Data3,0
01:22:05,MsgId,6,Data0,2,Data1,5,Data2,0,Data3,0
01:22:05,MsgId,6,Data0,3,Data1,1,Data2,0,Data3,0
01:22:05,MsgId,6,Data0,3,Data1,2,Data2,0,Data3,0
01:22:05,MsgId,6,Data0,3,Data1,3,Data2,0,Data3,0
01:22:05,MsgId,6,Data0,3,Data1,4,Data2,0,Data3,0
01:22:06,MsgId,6,Data0,3,Data1,5,Data2,0,Data3,0
01:22:06,MsgId,6,Data0,4,Data1,1,Data2,0,Data3,0
01:22:06,MsgId,6,Data0,4,Data1,2,Data2,0,Data3,0
01:22:06,MsgId,6,Data0,4,Data1,3,Data2,0,Data3,0
01:22:06,MsgId,6,Data0,4,Data1,4,Data2,0,Data3,0
01:22:07,MsgId,6,Data0,4,Data1,5,Data2,0,Data3,0
01:22:07,MsgId,7,Data0,1,Data1,0,Data2,0
01:22:07,MsgId,7,Data0,2,Data1,0,Data2,0
01:22:07,MsgId,7,Data0,3,Data1,0,Data2,0
01:22:07,MsgId,7,Data0,4,Data1,0,Data2,0
01:22:07,MsgId,5
01:22:07,MsgId,51,Data0,0,Data1,3
01:22:07,MsgId,1
01:27:03,MsgId,6,Data0,1,Data1,1,Data2,0,Data3,0
01:27:03,MsgId,6,Data0,1,Data1,2,Data2,0,Data3,0
01:27:03,MsgId,6,Data0,1,Data1,3,Data2,0,Data3,0
01:27:03,MsgId,6,Data0,1,Data1,4,Data2,0,Data3,0
01:27:04,MsgId,6,Data0,1,Data1,5,Data2,0,Data3,0
01:27:04,MsgId,6,Data0,2,Data1,1,Data2,0,Data3,0
01:27:04,MsgId,6,Data0,2,Data1,2,Data2,0,Data3,0
01:27:04,MsgId,6,Data0,2,Data1,3,Data2,0,Data3,0
01:27:04,MsgId,6,Data0,2,Data1,4,Data2,0,Data3,0
01:27:05,MsgId,6,Data0,2,Data1,5,Data2,0,Data3,0
01:27:05,MsgId,6,Data0,3,Data1,1,Data2,0,Data3,0
01:27:05,MsgId,6,Data0,3,Data1,2,Data2,0,Data3,0
01:27:05,MsgId,6,Data0,3,Data1,3,Data2,0,Data3,0
01:27:05,MsgId,6,Data0,3,Data1,4,Data2,0,Data3,0
01:27:06,MsgId,6,Data0,3,Data1,5,Data2,0,Data3,0
01:27:06,MsgId,6,Data0,4,Data1,1,Data2,0,Data3,0
01:27:06,MsgId,6,Data0,4,Data1,2,Data2,0,Data3,0
01:27:06,MsgId,6,Data0,4,Data1,3,Data2,0,Data3,0
01:27:06,MsgId,6,Data0,4,Data1,4,Data2,0,Data3,0
01:27:07,MsgId,6,Data0,4,Data1,5,Data2,0,Data3,0
01:27:07,MsgId,7,Data0,1,Data1,0,Data2,0
01:27:07,MsgId,7,Data0,2,Data1,0,Data2,0
01:27:07,MsgId,7,Data0,3,Data1,0,Data2,0
01:27:07,MsgId,7,Data0,4,Data1,0,Data2,0
01:27:07,MsgId,5
01:27:07,MsgId,51,Data0,0,Data1,3
01:27:07,MsgId,1
01:32:03,MsgId,6,Data0,1,Data1,1,Data2,0,Data3,0
01:32:03,MsgId,6,Data0,1,Data1,2,Data2,0,Data3,0
01:32:03,MsgId,6,Data0,1,Data1,3,Data2,0,Data3,0
01:32:03,MsgId,6,Data0,1,Data1,4,Data2,0,Data3,0
01:32:04,MsgId,6,Data0,1,Data1,5,Data2,0,Data3,0
01:32:04,MsgId,6,Data0,2,Data1,1,Data2,0,Data3,0
01:32:04,MsgId,6,Data0,2,Data1,2,Data2,0,Data3,0
01:32:04,MsgId,6,Data0,2,Data1,3,Data2,0,Data3,0
01:32:04,MsgId,6,Data0,2,Data1,4,Data2,0,Data3,0
01:32:05,MsgId,6,Data0,2,Data1,5,Data2,0,Data3,0
01:32:05,MsgId,6,Data0,3,Data1,1,Data2,0,Data3,0
01:32:05,MsgId,6,Data0,3,Data1,2,Data2,0,Data3,0
01:32:05,MsgId,6,Data0,3,Data1,3,Data2,0,Data3,0
01:32:05,MsgId,6,Data0,3,Data1,4,Data2,0,Data3,0
01:32:06,MsgId,6,Data0,3,Data1,5,Data2,0,Data3,0
01:32:06,MsgId,6,Data0,4,Data1,1,Data2,0,Data3,0
01:32:06,MsgId,6,Data0,4,Data1,2,Data2,0,Data3,0
01:32:06,MsgId,6,Data0,4,Data1,3,Data2,0,Data3,0
01:32:06,MsgId,6,Data0,4,Data1,4,Data2,0,Data3,0
01:32:07,MsgId,6,Data0,4,Data1,5,Data2,0,Data3,0
01:32:07,MsgId,7,Data0,1,Data1,0,Data2,0
01:32:07,MsgId,7,Data0,2,Data1,0,Data2,0
01:32:07,MsgId,7,Data0,3,Data1,0,Data2,0
01:32:07,MsgId,7,Data0,4,Data1,0,Data2,0
01:32:07,MsgId,5
01:32:07,MsgId,51,Data0,0,Data1,7
01:32:07,MsgId,1
01:37:03,MsgId,6,Data0,1,Data1,1,Data2,0,Data3,0
01:37:03,MsgId,6,Data0,1,Data1,2,Data2,0,Data3,0
01:37:03,MsgId,6,Data0,1,Data1,3,Data2,0,Data3,0
01:37:03,MsgId,6,Data0,1,Data1,4,Data2,0,Data3,0
01:37:04,MsgId,6,Data0,1,Data1,5,Data2,0,Data3,0
01:37:04,MsgId,6,Data0,2,Data1,1,Data2,0,Data3,0
01:37:04,MsgId,6,Data0,2,Data1,2,Data2,0,Data3,0
01:37:04,MsgId,6,Data0,2,Data1,3,Data2,0,Data3,0
01:37:04,MsgId,6,Data0,2,Data1,4,Data2,0,Data3,0
01:37:05,MsgId,6,Data0,2,Data1,5,Data2,0,Data3,0
01:37:05,MsgId,6,Data0,3,Data1,1,Data2,0,Data3,0
01:37:05,MsgId,6,Data0,3,Data1,2,Data2,0,Data3,0
01:37:05,MsgId,6,Data0,3,Data1,3,Data2,0,Data3,0
01:37:05,MsgId,6,Data0,3,Data1,4,Data2,0,Data3,0
01:37:06,MsgId,6,Data0,3,Data1,5,Data2,0,Data3,0
01:37:06,MsgId,6,Data0,4,Data1,1,Data2,0,Data3,0
01:37:06,MsgId,6,Data0,4,Data1,2,Data2,0,Data3,0
01:37:06,MsgId,6,Data0,4,Data1,3,Data2,0,Data3,0
01:37:06,MsgId,6,Data0,4,Data1,4,Data2,0,Data3,0
01:37:07,MsgId,6,Data0,4,Data1,5,Data2,0,Data3,0
01:37:07,MsgId,7,Data0,1,Data1,0,Data2,0
01:37:07,MsgId,7,Data0,2,Data1,0,Data2,0
01:37:07,MsgId,7,Data0,3,Data1,0,Data2,0
01:37:07,MsgId,7,Data0,4,Data1,0,Data2,0
01:37:07,MsgId,5
01:37:07,MsgId,51,Data0,0,Data1,3
01:37:07,MsgId,1
01:42:03,MsgId,6,Data0,1,Data1,1,Data2,0,Data3,0
01:42:03,MsgId,6,Data0,1,Data1,2,Data2,0,Data3,0
01:42:03,MsgId,6,Data0,1,Data1,3,Data2,0,Data3,0
01:42:03,MsgId,6,Data0,1,Data1,4,Data2,0,Data3,0
01:42:04,MsgId,6,Data0,1,Data1,5,Data2,0,Data3,0
01:42:04,MsgId,6,Data0,2,Data1,1,Data2,0,Data3,0
01:42:04,MsgId,6,Data0,2,Data1,2,Data2,0,Data3,0
01:42:04,MsgId,6,Data0,2,Data1,3,Data2,0,Data3,0
01:42:04,MsgId,6,Data0,2,Data1,4,Data2,0,Data3,0
01:42:05,MsgId,6,Data0,2,Data1,5,Data2,0,Data3,0
01:42:05,MsgId,6,Data0,3,Data1,1,Data2,0,Data3,0
01:42:05,MsgId,6,Data0,3,Data1,2,Data2,0,Data3,0
01:42:05,MsgId,6,Data0,3,Data1,3,Data2,0,Data3,0
01:42:05,MsgId,6,Data0,3,Data1,4,Data2,0,Data3,0
01:42:06,MsgId,6,Data0,3,Data1,5,Data2,0,Data3,0
01:42:06,MsgId,6,Data0,4,Data1,1,Data2,0,Data3,0
01:42:06,MsgId,6,Data0,4,Data1,2,Data2,0,Data3,0
01:42:06,MsgId,6,Data0,4,Data1,3,Data2,0,Data3,0
01:42:06,MsgId,6,Data0,4,Data1,4,Data2,0,Data3,0
01:42:07,MsgId,6,Data0,4,Data1,5,Data2,0,Data3,0
01:42:07,MsgId,7,Data0,1,Data1,0,Data2,0
01:42:07,MsgId,7,Data0,2,Data1,0,Data2,0
01:42:07,MsgId,7,Data0,3,Data1,0,Data2,0
01:42:07,MsgId,7,Data0,4,Data1,0,Data2,0
01:42:07,MsgId,5
01:42:07,MsgId,51,Data0,0,Data1,3
01:42:07,MsgId,1
01:47:03,MsgId,6,Data0,1,Data1,1,Data2,0,Data3,0
01:47:03,MsgId,6,Data0,1,Data1,2,Data2,0,Data3,0
01:47:03,MsgId,6,Data0,1,Data1,3,Data2,0,Data3,0
01:47:03,MsgId,6,Data0,1,Data1,4,Data2,0,Data3,0
01:47:04,MsgId,6,Data0,1,Data1,5,Data2,0,Data3,0
01:47:04,MsgId,6,Data0,2,Data1,1,Data2,0,Data3,0
01:47:04,MsgId,6,Data0,2,Data1,2,Data2,0,Data3,0
01:47:04,MsgId,6,Data0,2,Data1,3,Data2,0,Data3,0
01:47:04,MsgId,6,Data0,2,Data1,4,Data2,0,Data3,0
01:47:05,MsgId,6,Data0,2,Data1,5,Data2,0,Data3,0
01:47:05,MsgId,6,Data0,3,Data1,1,Data2,0,Data3,0
01:47:05,MsgId,6,Data0,3,Data1,2,Data2,0,Data3,0
01:47:05,MsgId,6,Data0,3,Data1,3,Data2,0,Data3,0
01:47:05,MsgId,6,Data0,3,Data1,4,Data2,0,Data3,0
01:47:06,MsgId,6,Data0,3,Data1,5,Data2,0,Data3,0
01:47:06,MsgId,6,Data0,4,Data1,1,Data2,0,Data3,0
01:47:06,MsgId,6,Data0,4,Data1,2,Data2,0,Data3,0
01:47:06,MsgId,6,Data0,4,Data1,3,Data2,0,Data3,0
01:47:06,MsgId,6,Data0,4,Data1,4,Data2,0,Data3,0
01:47:07,MsgId,6,Data0,4,Data1,5,Data2,0,Data3,0
01:47:07,MsgId,7,Data0,1,Data1,0,Data2,0
01:47:07,MsgId,7,Data0,2,Data1,0,Data2,0
01:47:07,MsgId,7,Data0,3,Data1,0,Data2,0
01:47:07,MsgId,7,Data0,4,Data1,0,Data2,0
01:47:07,MsgId,5
01:47:07,MsgId,51,Data0,0,Data1,0
01:47:08,MsgId,1
01:52:03,MsgId,6,Data0,1,Data1,1,Data2,0,Data3,0
01:52:03,MsgId,6,Data0,1,Data1,2,Data2,0,Data3,0
01:52:03,MsgId,6,Data0,1,Data1,3,Data2,0,Data3,0
01:52:03,MsgId,6,Data0,1,Data1,4,Data2,0,Data3,0
01:52:04,MsgId,6,Data0,1,Data1,5,Data2,0,Data3,0
01:52:04,MsgId,6,Data0,2,Data1,1,Data2,0,Data3,0
01:52:04,MsgId,6,Data0,2,Data1,2,Data2,0,Data3,0
01:52:04,MsgId,6,Data0,2,Data1,3,Data2,0,Data3,0
01:52:04,MsgId,6,Data0,2,Data1,4,Data2,0,Data3,0
01:52:05,MsgId,6,Data0,2,Data1,5,Data2,0,Data3,0
01:52:05,MsgId,6,Data0,3,Data1,1,Data2,0,Data3,0
01:52:05,MsgId,6,Data0,3,Data1,2,Data2,0,Data3,0
01:52:05,MsgId,6,Data0,3,Data1,3,Data2,0,Data3,0
01:52:05,MsgId,6,Data0,3,Data1,4,Data2,0,Data3,0
01:52:06,MsgId,6,Data0,3,Data1,5,Data2,0,Data3,0
01:52:06,MsgId,6,Data0,4,Data1,1,Data2,0,Data3,0
01:52:06,MsgId,6,Data0,4,Data1,2,Data2,0,Data3,0
01:52:06,MsgId,6,Data0,4,Data1,3,Data2,0,Data3,0
01:52:06,MsgId,6,Data0,4,Data1,4,Data2,0,Data3,0
01:52:07,MsgId,6,Data0,4,Data1,5,Data2,0,Data3,0
01:52:07,MsgId,7,Data0,1,Data1,0,Data2,0
01:52:07,MsgId,7,Data0,2,Data1,0,Data2,0
01:52:07,MsgId,7,Data0,3,Data1,0,Data2,0
01:52:07,MsgId,7,Data0,4,Data1,0,Data2,0
01:52:07,MsgId,5
01:52:07,MsgId,51,Data0,0,Data1,3
01:52:08,MsgId,1
01:57:03,MsgId,6,Data0,1,Data1,1,Data2,0,Data3,0
01:57:03,MsgId,6,Data0,1,Data1,2,Data2,0,Data3,0
01:57:03,MsgId,6,Data0,1,Data1,3,Data2,0,Data3,0
01:57:03,MsgId,6,Data0,1,Data1,4,Data2,0,Data3,0
01:57:04,MsgId,6,Data0,1,Data1,5,Data2,0,Data3,0
01:57:04,MsgId,6,Data0,2,Data1,1,Data2,0,Data3,0
01:57:04,MsgId,6,Data0,2,Data1,2,Data2,0,Data3,0
01:57:04,MsgId,6,Data0,2,Data1,3,Data2,0,Data3,0
01:57:04,MsgId,6,Data0,2,Data1,4,Data2,0,Data3,0
01:57:05,MsgId,6,Data0,2,Data1,5,Data2,0,Data3,0
01:57:05,MsgId,6,Data0,3,Data1,1,Data2,0,Data3,0
01:57:05,MsgId,6,Data0,3,Data1,2,Data2,0,Data3,0
01:57:05,MsgId,6,Data0,3,Data1,3,Data2,0,Data3,0
01:57:05,MsgId,6,Data0,3,Data1,4,Data2,0,Data3,0
01:57:06,MsgId,6,Data0,3,Data1,5,Data2,0,Data3,0
01:57:06,MsgId,6,Data0,4,Data1,1,Data2,0,Data3,0
01:57:06,MsgId,6,Data0,4,Data1,2,Data2,0,Data3,0
01:57:06,MsgId,6,Data0,4,Data1,3,Data2,0,Data3,0
01:57:06,MsgId,6,Data0,4,Data1,4,Data2,0,Data3,0
01:57:07,MsgId,6,Data0,4,Data1,5,Data2,0,Data3,0
01:57:07,MsgId,7,Data0,1,Data1,0,Data2,0
01:57:07,MsgId,7,Data0,2,Data1,0,Data2,0
01:57:07,MsgId,7,Data0,3,Data1,0,Data2,0
01:57:07,MsgId,7,Data0,4,Data1,0,Data2,0
01:57:07,MsgId,5
01:57:07,MsgId,51,Data0,0,Data1,3
01:57:08,MsgId,1
02:02:03,MsgId,6,Data0,1,Data1,1,Data2,0,Data3,0
02:02:03,MsgId,6,Data0,1,Data1,2,Data2,0,Data3,0
02:02:03,MsgId,6,Data0,1,Data1,3,Data2,0,Data3,0
02:02:03,MsgId,6,Data0,1,Data1,4,Data2,0,Data3,0
02:02:04,MsgId,6,Data0,1,Data1,5,Data2,0,Data3,0
02:02:04,MsgId,6,Data0,2,Data1,1,Data2,0,Data3,0
02:02:04,MsgId,6,Data0,2,Data1,2,Data2,0,Data3,0
02:02:04,MsgId,6,Data0,2,Data1,3,Data2,0,Data3,0
02:02:04,MsgId,6,Data0,2,Data1,4,Data2,0,Data3,0
02:02:05,MsgId,6,Data0,2,Data1,5,Data2,0,Data3,0
02:02:05,MsgId,6,Data0,3,Data1,1,Data2,0,Data3,0
02:02:05,MsgId,6,Data0,3,Data1,2,Data2,0,Data3,0
02:02:05,MsgId,6,Data0,3,Data1,3,Data2,0,Data3,0
02:02:05,MsgId,6,Data0,3,Data1,4,Data2,0,Data3,0
02:02:06,MsgId,6,Data0,3,Data1,5,Data2,0,Data3,0
02:02:06,MsgId,6,Data0,4,Data1,1,Data2,0,Data3,0
02:02:06,MsgId,6,Data0,4,Data1,2,Data2,0,Data3,0
02:02:06,MsgId,6,Data0,4,Data1,3,Data2,0,Data3,0
02:02:06,MsgId,6,Data0,4,Data1,4,Data2,0,Data3,0
02:02:07,MsgId,6,Data0,4,Data1,5,Data2,0,Data3,0
02:02:07,MsgId,7,Data0,1,Data1,0,Data2,0
02:02:07,MsgId,7,Data0,2,Data1,0,Data2,0
02:02:07,MsgId,7,Data0,3,Data1,0,Data2,0
02:02:07,MsgId,7,Data0,4,Data1,0,Data2,0
02:02:07,MsgId,5
02:02:07,MsgId,51,Data0,0,Data1,7
02:02:08,MsgId,1
02:07:03,MsgId,6,Data0,1,Data1,1,Data2,0,Data3,0
02:07:03,MsgId,6,Data0,1,Data1,2,Data2,0,Data3,0
02:07:03,MsgId,6,Data0,1,Data1,3,Data2,0,Data3,0
02:07:03,MsgId,6,Data0,1,Data1,4,Data2,0,Data3,0
02:07:04,MsgId,6,Data0,1,Data1,5,Data2,0,Data3,0
02:07:04,MsgId,6,Data0,2,Data1,1,Data2,0,Data3,0
02:07:04,MsgId,6,Data0,2,Data1,2,Data2,0,Data3,0
02:07:04,MsgId,6,Data0,2,Data1,3,Data2,0,Data3,0
02:07:04,MsgId,6,Data0,2,Data1,4,Data2,0,Data3,0
02:07:05,MsgId,6,Data0,2,Data1,5,Data2,0,Data3,0
02:07:05,MsgId,6,Data0,3,Data1,1,Data2,0,Data3,0
02:07:05,MsgId,6,Data0,3,Data1,2,Data2,0,Data3,0
02:07:05,MsgId,6,Data0,3,Data1,3,Data2,0,Data3,0
02:07:05,MsgId,6,Data0,3,Data1,4,Data2,0,Data3,0
02:07:06,MsgId,6,Data0,3,Data1,5,Data2,0,Data3,0
02:07:06,MsgId,6,Data0,4,Data1,1,Data2,0,Data3,0
02:07:06,MsgId,6,Data0,4,Data1,2,Data2,0,Data3,0
02:07:06,MsgId,6,Data0,4,Data1,3,Data2,0,Data3,0
02:07:06,MsgId,6,Data0,4,Data1,4,Data2,0,Data3,0
02:07:07,MsgId,6,Data0,4,Data1,5,Data2,0,Data3,0
02:07:07,MsgId,7,Data0,1,Data1,0,Data2,0
02:07:07,MsgId,7,Data0,2,Data1,0,Data2,0
02:07:07,MsgId,7,Data0,3,Data1,0,Data2,0
02:07:07,MsgId,7,Data0,4,Data1,0,Data2,0
02:07:07,MsgId,5
02:07:07,MsgId,51,Data0,0,Data1,3
02:07:08,MsgId,1
02:12:03,MsgId,6,Data0,1,Data1,1,Data2,0,Data3,0
02:12:03,MsgId,6,Data0,1,Data1,2,Data2,0,Data3,0
02:12:03,MsgId,6,Data0,1,Data1,3,Data2,0,Data3,0
02:12:03,MsgId,6,Data0,1,Data1,4,Data2,0,Data3,0
02:12:04,MsgId,6,Data0,1,Data1,5,Data2,0,Data3,0
02:12:04,MsgId,6,Data0,2,Data1,1,Data2,0,Data3,0
02:12:04,MsgId,6,Data0,2,Data1,2,Data2,0,Data3,0
02:12:04,MsgId,6,Data0,2,Data1,3,Data2,0,Data3,0
02:12:04,MsgId,6,Data0,2,Data1,4,Data2,0,Data3,0
02:12:05,MsgId,6,Data0,2,Data1,5,Data2,0,Data3,0
02:12:05,MsgId,6,Data0,3,Data1,1,Data2,0,Data3,0
02:12:05,MsgId,6,Data0,3,Data1,2,Data2,0,Data3,0
02:12:05,MsgId,6,Data0,3,Data1,3,Data2,0,Data3,0
02:12:05,MsgId,6,Data0,3,Data1,4,Data2,0,Data3,0
02:12:06,MsgId,6,Data0,3,Data1,5,Data2,0,Data3,0
02:12:06,MsgId,6,Data0,4,Data1,1,Data2,0,Data3,0
02:12:06,MsgId,6,Data0,4,Data1,2,Data2,0,Data3,0
02:12:06,MsgId,6,Data0,4,Data1,3,Data2,0,Data3,0
02:12:06,MsgId,6,Data0,4,Data1,4,Data2,0,Data3,0
02:12:07,MsgId,6,Data0,4,Data1,5,Data2,0,Data3,0
02:12:07,MsgId,7,Data0,1,Data1,0,Data2,0
02:12:07,MsgId,7,Data0,2,Data1,0,Data2,0
02:12:07,MsgId,7,Data0,3,Data1,0,Data2,0
02:12:07,MsgId,7,Data0,4,Data1,0,Data2,0
02:12:07,MsgId,5
02:12:08,MsgId,51,Data0,0,Data1,0
02:12:08,MsgId,1
02:17:03,MsgId,6,Data0,1,Data1,1,Data2,0,Data3,0
02:17:03,MsgId,6,Data0,1,Data1,2,Data2,0,Data3,0
02:17:03,MsgId,6,Data0,1,Data1,3,Data2,0,Data3,0
02:17:03,MsgId,6,Data0,1,Data1,4,Data2,0,Data3,0
02:17:04,MsgId,6,Data0,1,Data1,5,Data2,0,Data3,0
02:17:04,MsgId,6,Data0,2,Data1,1,Data2,0,Data3,0
02:17:04,MsgId,6,Data0,2,Data1,2,Data2,0,Data3,0
02:17:04,MsgId,6,Data0,2,Data1,3,Data2,0,Data3,0
02:17:04,MsgId,6,Data0,2,Data1,4,Data2,0,Data3,0
02:17:05,MsgId,6,Data0,2,Data1,5,Data2,0,Data3,0
02:17:05,MsgId,6,Data0,3,Data1,1,Data2,0,Data3,0
02:17:05,MsgId,6,Data0,3,Data1,2,Data2,0,Data3,0
02:17:05,MsgId,6,Data0,3,Data1,3,Data2,0,Data3,0
02:17:05,MsgId,6,Data0,3,Data1,4,Data2,0,Data3,0
02:17:06,MsgId,6,Data0,3,Data1,5,Data2,0,Data3,0
02:17:06,MsgId,6,Data0,4,Data1,1,Data2,0,Data3,0
02:17:06,MsgId,6,Data0,4,Data1,2,Data2,0,Data3,0
02:17:06,MsgId,6,Data0,4,Data1,3,Data2,0,Data3,0
02:17:06,MsgId,6,Data0,4,Data1,4,Data2,0,Data3,0
02:17:07,MsgId,6,Data0,4,Data1,5,Data2,0,Data3,0
02:17:07,MsgId,7,Data0,1,Data1,0,Data2,0
02:17:07,MsgId,7,Data0,2,Data1,0,Data2,0
02:17:07,MsgId,7,Data0,3,Data1,0,Data2,0
02:17:07,MsgId,7,Data0,4,Data1,0,Data2,0
02:17:08,MsgId,5
02:17:08,MsgId,51,Data0,0,Data1,7
02:17:08,MsgId,1
02:22:03,MsgId,6,Data0,1,Data1,1,Data2,0,Data3,0
02:22:03,MsgId,6,Data0,1,Data1,2,Data2,0,Data3,0
02:22:03,MsgId,6,Data0,1,Data1,3,Data2,0,Data3,0
02:22:03,MsgId,6,Data0,1,Data1,4,Data2,0,Data3,0
02:22:04,MsgId,6,Data0,1,Data1,5,Data2,0,Data3,0
02:22:04,MsgId,6,Data0,2,Data1,1,Data2,0,Data3,0
02:22:04,MsgId,6,Data0,2,Data1,2,Data2,0,Data3,0
02:22:04,MsgId,6,Data0,2,Data1,3,Data2,0,Data3,0
02:22:04,MsgId,6,Data0,2,Data1,4,Data2,0,Data3,0
02:22:05,MsgId,6,Data0,2,Data1,5,Data2,0,Data3,0
02:22:05,MsgId,6,Data0,3,Data1,1,Data2,0,Data3,0
02:22:05,MsgId,6,Data0,3,Data1,2,Data2,0,Data3,0
02:22:05,MsgId,6,Data0,3,Data1,3,Data2,0,Data3,0
02:22:05,MsgId,6,Data0,3,Data1,4,Data2,0,Data3,0
02:22:06,MsgId,6,Data0,3,Data1,5,Data2,0,Data3,0
02:22:06,MsgId,6,Data0,4,Data1,1,Data2,0,Data3,0
02:22:06,MsgId,6,Data0,4,Data1,2,Data2,0,Data3,0
02:22:06,MsgId,6,Data0,4,Data1,3,Data2,0,Data3,0
02:22:07,MsgId,6,Data0,4,Data1,4,Data2,0,Data3,0
02:22:07,MsgId,6,Data0,4,Data1,5,Data2,0,Data3,0
02:22:07,MsgId,7,Data0,1,Data1,0,Data2,0
02:22:07,MsgId,7,Data0,2,Data1,0,Data2,0
02:22:07,MsgId,7,Data0,3,Data1,0,Data2,0
02:22:08,MsgId,7,Data0,4,Data1,0,Data2,0
02:22:08,MsgId,5
02:22:08,MsgId,51,Data0,0,Data1,0
02:22:08,MsgId,1
02:27:03,MsgId,6,Data0,1,Data1,1,Data2,0,Data3,0
02:27:03,MsgId,6,Data0,1,Data1,2,Data2,0,Data3,0
02:27:03,MsgId,6,Data0,1,Data1,3,Data2,0,Data3,0
02:27:03,MsgId,6,Data0,1,Data1,4,Data2,0,Data3,0
02:27:04,MsgId,6,Data0,1,Data1,5,Data2,0,Data3,0
02:27:04,MsgId,6,Data0,2,Data1,1,Data2,0,Data3,0
02:27:04,MsgId,6,Data0,2,Data1,2,Data2,0,Data3,0
02:27:04,MsgId,6,Data0,2,Data1,3,Data2,0,Data3,0
02:27:04,MsgId,6,Data0,2,Data1,4,Data2,0,Data3,0
02:27:05,MsgId,6,Data0,2,Data1,5,Data2,0,Data3,0
02:27:05,MsgId,6,Data0,3,Data1,1,Data2,0,Data3,0
02:27:05,MsgId,6,Data0,3,Data1,2,Data2,0,Data3,0
02:27:05,MsgId,6,Data0,3,Data1,3,Data2,0,Data3,0
02:27:05,MsgId,6,Data0,3,Data1,4,Data2,0,Data3,0
02:27:06,MsgId,6,Data0,3,Data1,5,Data2,0,Data3,0
02:27:06,MsgId,6,Data0,4,Data1,1,Data2,0,Data3,0
02:27:06,MsgId,6,Data0,4,Data1,2,Data2,0,Data3,0
02:27:06,MsgId,6,Data0,4,Data1,3,Data2,0,Data3,0
02:27:06,MsgId,6,Data0,4,Data1,4,Data2,0,Data3,0
02:27:07,MsgId,6,Data0,4,Data1,5,Data2,0,Data3,0
02:27:07,MsgId,7,Data0,1,Data1,0,Data2,0
02:27:07,MsgId,7,Data0,2,Data1,0,Data2,0
02:27:07,MsgId,7,Data0,3,Data1,0,Data2,0
02:27:08,MsgId,7,Data0,4,Data1,0,Data2,0
02:27:08,MsgId,5
02:27:08,MsgId,51,Data0,0,Data1,3
02:27:08,MsgId,1
02:32:03,MsgId,6,Data0,1,Data1,1,Data2,0,Data3,0
02:32:03,MsgId,6,Data0,1,Data1,2,Data2,0,Data3,0
02:32:03,MsgId,6,Data0,1,Data1,3,Data2,0,Data3,0
02:32:03,MsgId,6,Data0,1,Data1,4,Data2,0,Data3,0
02:32:04,MsgId,6,Data0,1,Data1,5,Data2,0,Data3,0
02:32:04,MsgId,6,Data0,2,Data1,1,Data2,0,Data3,0
02:32:04,MsgId,6,Data0,2,Data1,2,Data2,0,Data3,0
02:32:04,MsgId,6,Data0,2,Data1,3,Data2,0,Data3,0
02:32:04,MsgId,6,Data0,2,Data1,4,Data2,0,Data3,0
02:32:05,MsgId,6,Data0,2,Data1,5,Data2,0,Data3,0
02:32:05,MsgId,6,Data0,3,Data1,1,Data2,0,Data3,0
02:32:05,MsgId,6,Data0,3,Data1,2,Data2,0,Data3,0
02:32:05,MsgId,6,Data0,3,Data1,3,Data2,0,Data3,0
02:32:06,MsgId,6,Data0,3,Data1,4,Data2,0,Data3,0
02:32:06,MsgId,6,Data0,3,Data1,5,Data2,0,Data3,0
02:32:06,MsgId,6,Data0,4,Data1,1,Data2,0,Data3,0
02:32:06,MsgId,6,Data0,4,Data1,2,Data2,0,Data3,0
02:32:06,MsgId,6,Data0,4,Data1,3,Data2,0,Data3,0
02:32:07,MsgId,6,Data0,4,Data1,4,Data2,0,Data3,0
02:32:07,MsgId,6,Data0,4,Data1,5,Data2,0,Data3,0
02:32:07,MsgId,7,Data0,1,Data1,0,Data2,0
02:32:07,MsgId,7,Data0,2,Data1,0,Data2,0
02:32:07,MsgId,7,Data0,3,Data1,0,Data2,0
02:32:08,MsgId,7,Data0,4,Data1,0,Data2,0
02:32:08,MsgId,5
02:32:08,MsgId,51,Data0,0,Data1,3
02:32:08,MsgId,1
02:37:03,MsgId,6,Data0,1,Data1,1,Data2,0,Data3,0
02:37:03,MsgId,6,Data0,1,Data1,2,Data2,0,Data3,0
02:37:03,MsgId,6,Data0,1,Data1,3,Data2,0,Data3,0
02:37:04,MsgId,6,Data0,1,Data1,4,Data2,0,Data3,0
02:37:04,MsgId,6,Data0,1,Data1,5,Data2,0,Data3,0
02:37:04,MsgId,6,Data0,2,Data1,1,Data2,0,Data3,0
02:37:04,MsgId,6,Data0,2,Data1,2,Data2,0,Data3,0
02:37:04,MsgId,6,Data0,2,Data1,3,Data2,0,Data3,0
02:37:05,MsgId,6,Data0,2,Data1,4,Data2,0,Data3,0
02:37:05,MsgId,6,Data0,2,Data1,5,Data2,0,Data3,0
02:37:05,MsgId,6,Data0,3,Data1,1,Data2,0,Data3,0
02:37:05,MsgId,6,Data0,3,Data1,2,Data2,0,Data3,0
02:37:05,MsgId,6,Data0,3,Data1,3,Data2,0,Data3,0
02:37:06,MsgId,6,Data0,3,Data1,4,Data2,0,Data3,0
02:37:06,MsgId,6,Data0,3,Data1,5,Data2,0,Data3,0
02:37:06,MsgId,6,Data0,4,Data1,1,Data2,0,Data3,0
02:37:06,MsgId,6,Data0,4,Data1,2,Data2,0,Data3,0
02:37:06,MsgId,6,Data0,4,Data1,3,Data2,0,Data3,0
02:37:07,MsgId,6,Data0,4,Data1,4,Data2,0,Data3,0
02:37:07,MsgId,6,Data0,4,Data1,5,Data2,0,Data3,0
02:37:07,MsgId,7,Data0,1,Data1,0,Data2,0
02:37:07,MsgId,7,Data0,2,Data1,0,Data2,0
02:37:07,MsgId,7,Data0,3,Data1,0,Data2,0
02:37:08,MsgId,7,Data0,4,Data1,0,Data2,0
02:37:08,MsgId,5
02:37:08,MsgId,51,Data0,0,Data1,3
02:37:08,MsgId,1
02:42:03,MsgId,6,Data0,1,Data1,1,Data2,0,Data3,0
02:42:03,MsgId,6,Data0,1,Data1,2,Data2,0,Data3,0
02:42:03,MsgId,6,Data0,1,Data1,3,Data2,0,Data3,0
02:42:04,MsgId,6,Data0,1,Data1,4,Data2,0,Data3,0
02:42:04,MsgId,6,Data0,1,Data1,5,Data2,0,Data3,0
02:42:04,MsgId,6,Data0,2,Data1,1,Data2,0,Data3,0
02:42:04,MsgId,6,Data0,2,Data1,2,Data2,0,Data3,0
02:42:04,MsgId,6,Data0,2,Data1,3,Data2,0,Data3,0
02:42:05,MsgId,6,Data0,2,Data1,4,Data2,0,Data3,0
02:42:05,MsgId,6,Data0,2,Data1,5,Data2,0,Data3,0
02:42:05,MsgId,6,Data0,3,Data1,1,Data2,0,Data3,0
02:42:05,MsgId,6,Data0,3,Data1,2,Data2,0,Data3,0
02:42:05,MsgId,6,Data0,3,Data1,3,Data2,0,Data3,0
02:42:06,MsgId,6,Data0,3,Data1,4,Data2,0,Data3,0
02:42:06,MsgId,6,Data0,3,Data1,5,Data2,0,Data3,0
02:42:06,MsgId,6,Data0,4,Data1,1,Data2,0,Data3,0
02:42:06,MsgId,6,Data0,4,Data1,2,Data2,0,Data3,0
02:42:06,MsgId,6,Data0,4,Data1,3,Data2,0,Data3,0
02:42:07,MsgId,6,Data0,4,Data1,4,Data2,0,Data3,0
02:42:07,MsgId,6,Data0,4,Data1,5,Data2,0,Data3,0
02:42:07,MsgId,7,Data0,1,Data1,0,Data2,0
02:42:07,MsgId,7,Data0,2,Data1,0,Data2,0
02:42:07,MsgId,7,Data0,3,Data1,0,Data2,0
02:42:08,MsgId,7,Data0,4,Data1,0,Data2,0
02:42:08,MsgId,5
02:42:08,MsgId,51,Data0,0,Data1,3
02:42:08,MsgId,1
02:47:03,MsgId,6,Data0,1,Data1,1,Data2,0,Data3,0
02:47:03,MsgId,6,Data0,1,Data1,2,Data2,0,Data3,0
02:47:03,MsgId,6,Data0,1,Data1,3,Data2,0,Data3,0
02:47:04,MsgId,6,Data0,1,Data1,4,Data2,0,Data3,0
02:47:04,MsgId,6,Data0,1,Data1,5,Data2,0,Data3,0
02:47:04,MsgId,6,Data0,2,Data1,1,Data2,0,Data3,0
02:47:04,MsgId,6,Data0,2,Data1,2,Data2,0,Data3,0
02:47:04,MsgId,6,Data0,2,Data1,3,Data2,0,Data3,0
02:47:05,MsgId,6,Data0,2,Data1,4,Data2,0,Data3,0
02:47:05,MsgId,6,Data0,2,Data1,5,Data2,0,Data3,0
02:47:05,MsgId,6,Data0,3,Data1,1,Data2,0,Data3,0
02:47:05,MsgId,6,Data0,3,Data1,2,Data2,0,Data3,0
02:47:05,MsgId,6,Data0,3,Data1,3,Data2,0,Data3,0
02:47:06,MsgId,6,Data0,3,Data1,4,Data2,0,Data3,0
02:47:06,MsgId,6,Data0,3,Data1,5,Data2,0,Data3,0
02:47:06,MsgId,6,Data0,4,Data1,1,Data2,0,Data3,0
02:47:06,MsgId,6,Data0,4,Data1,2,Data2,0,Data3,0
02:47:06,MsgId,6,Data0,4,Data1,3,Data2,0,Data3,0
02:47:07,MsgId,6,Data0,4,Data1,4,Data2,0,Data3,0
02:47:07,MsgId,6,Data0,4,Data1,5,Data2,0,Data3,0
02:47:07,MsgId,7,Data0,1,Data1,0,Data2,0
02:47:07,MsgId,7,Data0,2,Data1,0,Data2,0
02:47:07,MsgId,7,Data0,3,Data1,0,Data2,0
02:47:08,MsgId,7,Data0,4,Data1,0,Data2,0
02:47:08,MsgId,5
02:47:08,MsgId,51,Data0,0,Data1,7
02:47:08,MsgId,1
02:52:03,MsgId,6,Data0,1,Data1,1,Data2,0,Data3,0
02:52:03,MsgId,6,Data0,1,Data1,2,Data2,0,Data3,0
02:52:03,MsgId,6,Data0,1,Data1,3,Data2,0,Data3,0
02:52:04,MsgId,6,Data0,1,Data1,4,Data2,0,Data3,0
02:52:04,MsgId,6,Data0,1,Data1,5,Data2,0,Data3,0
02:52:04,MsgId,6,Data0,2,Data1,1,Data2,0,Data3,0
02:52:04,MsgId,6,Data0,2,Data1,2,Data2,0,Data3,0
02:52:04,MsgId,6,Data0,2,Data1,3,Data2,0,Data3,0
02:52:05,MsgId,6,Data0,2,Data1,4,Data2,0,Data3,0
02:52:05,MsgId,6,Data0,2,Data1,5,Data2,0,Data3,0
02:52:05,MsgId,6,Data0,3,Data1,1,Data2,0,Data3,0
02:52:05,MsgId,6,Data0,3,Data1,2,Data2,0,Data3,0
02:52:05,MsgId,6,Data0,3,Data1,3,Data2,0,Data3,0
02:52:06,MsgId,6,Data0,3,Data1,4,Data2,0,Data3,0
02:52:06,MsgId,6,Data0,3,Data1,5,Data2,0,Data3,0
02:52:06,MsgId,6,Data0,4,Data1,1,Data2,0,Data3,0
02:52:06,MsgId,6,Data0,4,Data1,2,Data2,0,Data3,0
02:52:06,MsgId,6,Data0,4,Data1,3,Data2,0,Data3,0
02:52:07,MsgId,6,Data0,4,Data1,4,Data2,0,Data3,0
02:52:07,MsgId,6,Data0,4,Data1,5,Data2,0,Data3,0
02:52:07,MsgId,7,Data0,1,Data1,0,Data2,0
02:52:07,MsgId,7,Data0,2,Data1,0,Data2,0
02:52:07,MsgId,7,Data0,3,Data1,0,Data2,0
02:52:08,MsgId,7,Data0,4,Data1,0,Data2,0
02:52:08,MsgId,5
02:52:08,MsgId,51,Data0,0,Data1,3
02:52:08,MsgId,1
02:57:03,MsgId,6,Data0,1,Data1,1,Data2,0,Data3,0
02:57:03,MsgId,6,Data0,1,Data1,2,Data2,0,Data3,0
02:57:03,MsgId,6,Data0,1,Data1,3,Data2,0,Data3,0
02:57:04,MsgId,6,Data0,1,Data1,4,Data2,0,Data3,0
02:57:04,MsgId,6,Data0,1,Data1,5,Data2,0,Data3,0
02:57:04,MsgId,6,Data0,2,Data1,1,Data2,0,Data3,0
02:57:04,MsgId,6,Data0,2,Data1,2,Data2,0,Data3,0
02:57:04,MsgId,6,Data0,2,Data1,3,Data2,0,Data3,0
02:57:05,MsgId,6,Data0,2,Data1,4,Data2,0,Data3,0
02:57:05,MsgId,6,Data0,2,Data1,5,Data2,0,Data3,0
02:57:05,MsgId,6,Data0,3,Data1,1,Data2,0,Data3,0
02:57:05,MsgId,6,Data0,3,Data1,2,Data2,0,Data3,0
02:57:05,MsgId,6,Data0,3,Data1,3,Data2,0,Data3,0
02:57:06,MsgId,6,Data0,3,Data1,4,Data2,0,Data3,0
02:57:06,MsgId,6,Data0,3,Data1,5,Data2,0,Data3,0
02:57:06,MsgId,6,Data0,4,Data1,1,Data2,0,Data3,0
02:57:06,MsgId,6,Data0,4,Data1,2,Data2,0,Data3,0
02:57:06,MsgId,6,Data0,4,Data1,3,Data2,0,Data3,0
02:57:07,MsgId,6,Data0,4,Data1,4,Data2,0,Data3,0
02:57:07,MsgId,6,Data0,4,Data1,5,Data2,0,Data3,0
02:57:07,MsgId,7,Data0,1,Data1,0,Data2,0
02:57:07,MsgId,7,Data0,2,Data1,0,Data2,0
02:57:07,MsgId,7,Data0,3,Data1,0,Data2,0
02:57:08,MsgId,7,Data0,4,Data1,0,Data2,0
02:57:08,MsgId,5
02:57:08,MsgId,51,Data0,0,Data1,3
02:57:08,MsgId,1
03:02:03,MsgId,6,Data0,1,Data1,1,Data2,0,Data3,0
03:02:03,MsgId,6,Data0,1,Data1,2,Data2,0,Data3,0
03:02:03,MsgId,6,Data0,1,Data1,3,Data2,0,Data3,0
03:02:04,MsgId,6,Data0,1,Data1,4,Data2,0,Data3,0
03:02:04,MsgId,6,Data0,1,Data1,5,Data2,0,Data3,0
03:02:04,MsgId,6,Data0,2,Data1,1,Data2,0,Data3,0
03:02:04,MsgId,6,Data0,2,Data1,2,Data2,0,Data3,0
03:02:04,MsgId,6,Data0,2,Data1,3,Data2,0,Data3,0
03:02:05,MsgId,6,Data0,2,Data1,4,Data2,0,Data3,0
03:02:05,MsgId,6,Data0,2,Data1,5,Data2,0,Data3,0
03:02:05,MsgId,6,Data0,3,Data1,1,Data2,0,Data3,0
03:02:05,MsgId,6,Data0,3,Data1,2,Data2,0,Data3,0
03:02:05,MsgId,6,Data0,3,Data1,3,Data2,0,Data3,0
03:02:06,MsgId,6,Data0,3,Data1,4,Data2,0,Data3,0
03:02:06,MsgId,6,Data0,3,Data1,5,Data2,0,Data3,0
03:02:06,MsgId,6,Data0,4,Data1,1,Data2,0,Data3,0
03:02:06,MsgId,6,Data0,4,Data1,2,Data2,0,Data3,0
03:02:06,MsgId,6,Data0,4,Data1,3,Data2,0,Data3,0
03:02:07,MsgId,6,Data0,4,Data1,4,Data2,0,Data3,0
03:02:07,MsgId,6,Data0,4,Data1,5,Data2,0,Data3,0
03:02:07,MsgId,7,Data0,1,Data1,0,Data2,0
03:02:07,MsgId,7,Data0,2,Data1,0,Data2,0
03:02:07,MsgId,7,Data0,3,Data1,0,Data2,0
03:02:08,MsgId,7,Data0,4,Data1,0,Data2,0
03:02:08,MsgId,5
03:02:08,MsgId,51,Data0,0,Data1,7
03:02:08,MsgId,1
03:07:03,MsgId,6,Data0,1,Data1,1,Data2,0,Data3,0
03:07:03,MsgId,6,Data0,1,Data1,2,Data2,0,Data3,0
03:07:03,MsgId,6,Data0,1,Data1,3,Data2,0,Data3,0
03:07:04,MsgId,6,Data0,1,Data1,4,Data2,0,Data3,0
03:07:04,MsgId,6,Data0,1,Data1,5,Data2,0,Data3,0
03:07:04,MsgId,6,Data0,2,Data1,1,Data2,0,Data3,0
03:07:04,MsgId,6,Data0,2,Data1,2,Data2,0,Data3,0
03:07:04,MsgId,6,Data0,2,Data1,3,Data2,0,Data3,0
03:07:05,MsgId,6,Data0,2,Data1,4,Data2,0,Data3,0
03:07:05,MsgId,6,Data0,2,Data1,5,Data2,0,Data3,0
03:07:05,MsgId,6,Data0,3,Data1,1,Data2,0,Data3,0
03:07:05,MsgId,6,Data0,3,Data1,2,Data2,0,Data3,0
03:07:05,MsgId,6,Data0,3,Data1,3,Data2,0,Data3,0
03:07:06,MsgId,6,Data0,3,Data1,4,Data2,0,Data3,0
03:07:06,MsgId,6,Data0,3,Data1,5,Data2,0,Data3,0
03:07:06,MsgId,6,Data0,4,Data1,1,Data2,0,Data3,0
03:07:06,MsgId,6,Data0,4,Data1,2,Data2,0,Data3,0
03:07:06,MsgId,6,Data0,4,Data1,3,Data2,0,Data3,0
03:07:07,MsgId,6,Data0,4,Data1,4,Data2,0,Data3,0
03:07:07,MsgId,6,Data0,4,Data1,5,Data2,0,Data3,0
03:07:07,MsgId,7,Data0,1,Data1,0,Data2,0
03:07:07,MsgId,7,Data0,2,Data1,0,Data2,0
03:07:07,MsgId,7,Data0,3,Data1,0,Data2,0
03:07:08,MsgId,7,Data0,4,Data1,0,Data2,0
03:07:08,MsgId,5
03:07:08,MsgId,51,Data0,0,Data1,3
03:07:08,MsgId,1
03:12:03,MsgId,6,Data0,1,Data1,1,Data2,0,Data3,0
03:12:03,MsgId,6,Data0,1,Data1,2,Data2,0,Data3,0
03:12:03,MsgId,6,Data0,1,Data1,3,Data2,0,Data3,0
03:12:04,MsgId,6,Data0,1,Data1,4,Data2,0,Data3,0
03:12:04,MsgId,6,Data0,1,Data1,5,Data2,0,Data3,0
03:12:04,MsgId,6,Data0,2,Data1,1,Data2,0,Data3,0
03:12:04,MsgId,6,Data0,2,Data1,2,Data2,0,Data3,0
03:12:04,MsgId,6,Data0,2,Data1,3,Data2,0,Data3,0
03:12:05,MsgId,6,Data0,2,Data1,4,Data2,0,Data3,0
03:12:05,MsgId,6,Data0,2,Data1,5,Data2,0,Data3,0
03:12:05,MsgId,6,Data0,3,Data1,1,Data2,0,Data3,0
03:12:05,MsgId,6,Data0,3,Data1,2,Data2,0,Data3,0
03:12:05,MsgId,6,Data0,3,Data1,3,Data2,0,Data3,0
03:12:06,MsgId,6,Data0,3,Data1,4,Data2,0,Data3,0
03:12:06,MsgId,6,Data0,3,Data1,5,Data2,0,Data3,0
03:12:06,MsgId,6,Data0,4,Data1,1,Data2,0,Data3,0
03:12:06,MsgId,6,Data0,4,Data1,2,Data2,0,Data3,0
03:12:06,MsgId,6,Data0,4,Data1,3,Data2,0,Data3,0
03:12:07,MsgId,6,Data0,4,Data1,4,Data2,0,Data3,0
03:12:07,MsgId,6,Data0,4,Data1,5,Data2,0,Data3,0
03:12:07,MsgId,7,Data0,1,Data1,0,Data2,0
03:12:07,MsgId,7,Data0,2,Data1,0,Data2,0
03:12:07,MsgId,7,Data0,3,Data1,0,Data2,0
03:12:08,MsgId,7,Data0,4,Data1,0,Data2,0
03:12:08,MsgId,5
03:12:08,MsgId,51,Data0,0,Data1,3
03:12:08,MsgId,1
03:17:03,MsgId,6,Data0,1,Data1,1,Data2,0,Data3,0
03:17:03,MsgId,6,Data0,1,Data1,2,Data2,0,Data3,0
03:17:03,MsgId,6,Data0,1,Data1,3,Data2,0,Data3,0
03:17:04,MsgId,6,Data0,1,Data1,4,Data2,0,Data3,0
03:17:04,MsgId,6,Data0,1,Data1,5,Data2,0,Data3,0
03:17:04,MsgId,6,Data0,2,Data1,1,Data2,0,Data3,0
03:17:04,MsgId,6,Data0,2,Data1,2,Data2,0,Data3,0
03:17:04,MsgId,6,Data0,2,Data1,3,Data2,0,Data3,0
03:17:05,MsgId,6,Data0,2,Data1,4,Data2,0,Data3,0
03:17:05,MsgId,6,Data0,2,Data1,5,Data2,0,Data3,0
03:17:05,MsgId,6,Data0,3,Data1,1,Data2,0,Data3,0
03:17:05,MsgId,6,Data0,3,Data1,2,Data2,0,Data3,0
03:17:05,MsgId,6,Data0,3,Data1,3,Data2,0,Data3,0
03:17:06,MsgId,6,Data0,3,Data1,4,Data2,0,Data3,0
03:17:06,MsgId,6,Data0,3,Data1,5,Data2,0,Data3,0
03:17:06,MsgId,6,Data0,4,Data1,1,Data2,0,Data3,0
03:17:06,MsgId,6,Data0,4,Data1,2,Data2,0,Data3,0
03:17:06,MsgId,6,Data0,4,Data1,3,Data2,0,Data3,0
03:17:07,MsgId,6,Data0,4,Data1,4,Data2,0,Data3,0
03:17:07,MsgId,6,Data0,4,Data1,5,Data2,0,Data3,0
03:17:07,MsgId,7,Data0,1,Data1,0,Data2,0
03:17:07,MsgId,7,Data0,2,Data1,0,Data2,0
03:17:07,MsgId,7,Data0,3,Data1,0,Data2,0
03:17:08,MsgId,7,Data0,4,Data1,0,Data2,0
03:17:08,MsgId,5
03:17:08,MsgId,51,Data0,0,Data1,3
03:17:08,MsgId,1
03:22:03,MsgId,6,Data0,1,Data1,1,Data2,0,Data3,0
03:22:03,MsgId,6,Data0,1,Data1,2,Data2,0,Data3,0
03:22:03,MsgId,6,Data0,1,Data1,3,Data2,0,Data3,0
03:22:04,MsgId,6,Data0,1,Data1,4,Data2,0,Data3,0
03:22:04,MsgId,6,Data0,1,Data1,5,Data2,0,Data3,0
03:22:04,MsgId,6,Data0,2,Data1,1,Data2,0,Data3,0
03:22:04,MsgId,6,Data0,2,Data1,2,Data2,0,Data3,0
03:22:04,MsgId,6,Data0,2,Data1,3,Data2,0,Data3,0
03:22:05,MsgId,6,Data0,2,Data1,4,Data2,0,Data3,0
03:22:05,MsgId,6,Data0,2,Data1,5,Data2,0,Data3,0
03:22:05,MsgId,6,Data0,3,Data1,1,Data2,0,Data3,0
03:22:05,MsgId,6,Data0,3,Data1,2,Data2,0,Data3,0
03:22:05,MsgId,6,Data0,3,Data1,3,Data2,0,Data3,0
03:22:06,MsgId,6,Data0,3,Data1,4,Data2,0,Data3,0
03:22:06,MsgId,6,Data0,3,Data1,5,Data2,0,Data3,0
03:22:06,MsgId,6,Data0,4,Data1,1,Data2,0,Data3,0
03:22:06,MsgId,6,Data0,4,Data1,2,Data2,0,Data3,0
03:22:06,MsgId,6,Data0,4,Data1,3,Data2,0,Data3,0
03:22:07,MsgId,6,Data0,4,Data1,4,Data2,0,Data3,0
03:22:07,MsgId,6,Data0,4,Data1,5,Data2,0,Data3,0
03:22:07,MsgId,7,Data0,1,Data1,0,Data2,0
03:22:07,MsgId,7,Data0,2,Data1,0,Data2,0
03:22:07,MsgId,7,Data0,3,Data1,0,Data2,0
03:22:08,MsgId,7,Data0,4,Data1,0,Data2,0
03:22:08,MsgId,5
03:22:08,MsgId,51,Data0,0,Data1,7
03:22:08,MsgId,1
03:27:03,MsgId,6,Data0,1,Data1,1,Data2,0,Data3,0
03:27:03,MsgId,6,Data0,1,Data1,2,Data2,0,Data3,0
03:27:03,MsgId,6,Data0,1,Data1,3,Data2,0,Data3,0
03:27:04,MsgId,6,Data0,1,Data1,4,Data2,0,Data3,0
03:27:04,MsgId,6,Data0,1,Data1,5,Data2,0,Data3,0
03:27:04,MsgId,6,Data0,2,Data1,1,Data2,0,Data3,0
03:27:04,MsgId,6,Data0,2,Data1,2,Data2,0,Data3,0
03:27:04,MsgId,6,Data0,2,Data1,3,Data2,0,Data3,0
03:27:05,MsgId,6,Data0,2,Data1,4,Data2,0,Data3,0
03:27:05,MsgId,6,Data0,2,Data1,5,Data2,0,Data3,0
03:27:05,MsgId,6,Data0,3,Data1,1,Data2,0,Data3,0
03:27:05,MsgId,6,Data0,3,Data1,2,Data2,0,Data3,0
03:27:05,MsgId,6,Data0,3,Data1,3,Data2,0,Data3,0
03:27:06,MsgId,6,Data0,3,Data1,4,Data2,0,Data3,0
03:27:06,MsgId,6,Data0,3,Data1,5,Data2,0,Data3,0
03:27:06,MsgId,6,Data0,4,Data1,1,Data2,0,Data3,0
03:27:06,MsgId,6,Data0,4,Data1,2,Data2,0,Data3,0
03:27:06,MsgId,6,Data0,4,Data1,3,Data2,0,Data3,0
03:27:07,MsgId,6,Data0,4,Data1,4,Data2,0,Data3,0
03:27:07,MsgId,6,Data0,4,Data1,5,Data2,0,Data3,0
03:27:07,MsgId,7,Data0,1,Data1,0,Data2,0
03:27:07,MsgId,7,Data0,2,Data1,0,Data2,0
03:27:07,MsgId,7,Data0,3,Data1,0,Data2,0
03:27:08,MsgId,7,Data0,4,Data1,0,Data2,0
03:27:08,MsgId,5
03:27:08,MsgId,51,Data0,0,Data1,11
03:27:08,MsgId,1
03:32:03,MsgId,6,Data0,1,Data1,1,Data2,0,Data3,0
03:32:03,MsgId,6,Data0,1,Data1,2,Data2,0,Data3,0
03:32:03,MsgId,6,Data0,1,Data1,3,Data2,0,Data3,0
03:32:04,MsgId,6,Data0,1,Data1,4,Data2,0,Data3,0
03:32:04,MsgId,6,Data0,1,Data1,5,Data2,0,Data3,0
03:32:04,MsgId,6,Data0,2,Data1,1,Data2,0,Data3,0
03:32:04,MsgId,6,Data0,2,Data1,2,Data2,0,Data3,0
03:32:04,MsgId,6,Data0,2,Data1,3,Data2,0,Data3,0
03:32:05,MsgId,6,Data0,2,Data1,4,Data2,0,Data3,0
03:32:05,MsgId,6,Data0,2,Data1,5,Data2,0,Data3,0
03:32:05,MsgId,6,Data0,3,Data1,1,Data2,0,Data3,0
03:32:05,MsgId,6,Data0,3,Data1,2,Data2,0,Data3,0
03:32:05,MsgId,6,Data0,3,Data1,3,Data2,0,Data3,0
03:32:06,MsgId,6,Data0,3,Data1,4,Data2,0,Data3,0
03:32:06,MsgId,6,Data0,3,Data1,5,Data2,0,Data3,0
03:32:06,MsgId,6,Data0,4,Data1,1,Data2,0,Data3,0
03:32:06,MsgId,6,Data0,4,Data1,2,Data2,0,Data3,0
03:32:06,MsgId,6,Data0,4,Data1,3,Data2,0,Data3,0
03:32:07,MsgId,6,Data0,4,Data1,4,Data2,0,Data3,0
03:32:07,MsgId,6,Data0,4,Data1,5,Data2,0,Data3,0
03:32:07,MsgId,7,Data0,1,Data1,0,Data2,0
03:32:07,MsgId,7,Data0,2,Data1,0,Data2,0
03:32:08,MsgId,7,Data0,3,Data1,0,Data2,0
03:32:08,MsgId,7,Data0,4,Data1,0,Data2,0
03:32:08,MsgId,5
03:32:08,MsgId,51,Data0,0,Data1,3
03:32:08,MsgId,1
03:37:03,MsgId,6,Data0,1,Data1,1,Data2,0,Data3,0
03:37:03,MsgId,6,Data0,1,Data1,2,Data2,0,Data3,0
03:37:03,MsgId,6,Data0,1,Data1,3,Data2,0,Data3,0
03:37:04,MsgId,6,Data0,1,Data1,4,Data2,0,Data3,0
03:37:04,MsgId,6,Data0,1,Data1,5,Data2,0,Data3,0
03:37:04,MsgId,6,Data0,2,Data1,1,Data2,0,Data3,0
03:37:04,MsgId,6,Data0,2,Data1,2,Data2,0,Data3,0
03:37:04,MsgId,6,Data0,2,Data1,3,Data2,0,Data3,0
03:37:05,MsgId,6,Data0,2,Data1,4,Data2,0,Data3,0
03:37:05,MsgId,6,Data0,2,Data1,5,Data2,0,Data3,0
03:37:05,MsgId,6,Data0,3,Data1,1,Data2,0,Data3,0
03:37:05,MsgId,6,Data0,3,Data1,2,Data2,0,Data3,0
03:37:05,MsgId,6,Data0,3,Data1,3,Data2,0,Data3,0
03:37:06,MsgId,6,Data0,3,Data1,4,Data2,0,Data3,0
03:37:06,MsgId,6,Data0,3,Data1,5,Data2,0,Data3,0
03:37:06,MsgId,6,Data0,4,Data1,1,Data2,0,Data3,0
03:37:06,MsgId,6,Data0,4,Data1,2,Data2,0,Data3,0
03:37:07,MsgId,6,Data0,4,Data1,3,Data2,0,Data3,0
03:37:07,MsgId,6,Data0,4,Data1,4,Data2,0,Data3,0
03:37:07,MsgId,6,Data0,4,Data1,5,Data2,0,Data3,0
03:37:07,MsgId,7,Data0,1,Data1,0,Data2,0
03:37:07,MsgId,7,Data0,2,Data1,0,Data2,0
03:37:08,MsgId,7,Data0,3,Data1,0,Data2,0
03:37:08,MsgId,7,Data0,4,Data1,0,Data2,0
03:37:08,MsgId,5
03:37:08,MsgId,51,Data0,0,Data1,3
03:37:08,MsgId,1
03:42:03,MsgId,6,Data0,1,Data1,1,Data2,0,Data3,0
03:42:03,MsgId,6,Data0,1,Data1,2,Data2,0,Data3,0
03:42:04,MsgId,6,Data0,1,Data1,3,Data2,0,Data3,0
03:42:04,MsgId,6,Data0,1,Data1,4,Data2,0,Data3,0
03:42:04,MsgId,6,Data0,1,Data1,5,Data2,0,Data3,0
03:42:04,MsgId,6,Data0,2,Data1,1,Data2,0,Data3,0
03:42:04,MsgId,6,Data0,2,Data1,2,Data2,0,Data3,0
03:42:05,MsgId,6,Data0,2,Data1,3,Data2,0,Data3,0
03:42:05,MsgId,6,Data0,2,Data1,4,Data2,0,Data3,0
03:42:05,MsgId,6,Data0,2,Data1,5,Data2,0,Data3,0
03:42:05,MsgId,6,Data0,3,Data1,1,Data2,0,Data3,0
03:42:05,MsgId,6,Data0,3,Data1,2,Data2,0,Data3,0
03:42:06,MsgId,6,Data0,3,Data1,3,Data2,0,Data3,0
03:42:06,MsgId,6,Data0,3,Data1,4,Data2,0,Data3,0
03:42:06,MsgId,6,Data0,3,Data1,5,Data2,0,Data3,0
03:42:06,MsgId,6,Data0,4,Data1,1,Data2,0,Data3,0
03:42:06,MsgId,6,Data0,4,Data1,2,Data2,0,Data3,0
03:42:07,MsgId,6,Data0,4,Data1,3,Data2,0,Data3,0
03:42:07,MsgId,6,Data0,4,Data1,4,Data2,0,Data3,0
03:42:07,MsgId,6,Data0,4,Data1,5,Data2,0,Data3,0
03:42:07,MsgId,7,Data0,1,Data1,0,Data2,0
03:42:07,MsgId,7,Data0,2,Data1,0,Data2,0
03:42:08,MsgId,7,Data0,3,Data1,0,Data2,0
03:42:08,MsgId,7,Data0,4,Data1,0,Data2,0
03:42:08,MsgId,5
03:42:08,MsgId,51,Data0,0,Data1,3
03:42:08,MsgId,1
03:47:03,MsgId,6,Data0,1,Data1,1,Data2,0,Data3,0
03:47:03,MsgId,6,Data0,1,Data1,2,Data2,0,Data3,0
03:47:04,MsgId,6,Data0,1,Data1,3,Data2,0,Data3,0
03:47:04,MsgId,6,Data0,1,Data1,4,Data2,0,Data3,0
03:47:04,MsgId,6,Data0,1,Data1,5,Data2,0,Data3,0
03:47:04,MsgId,6,Data0,2,Data1,1,Data2,0,Data3,0
03:47:04,MsgId,6,Data0,2,Data1,2,Data2,0,Data3,0
03:47:05,MsgId,6,Data0,2,Data1,3,Data2,0,Data3,0
03:47:05,MsgId,6,Data0,2,Data1,4,Data2,0,Data3,0
03:47:05,MsgId,6,Data0,2,Data1,5,Data2,0,Data3,0
03:47:05,MsgId,6,Data0,3,Data1,1,Data2,0,Data3,0
03:47:05,MsgId,6,Data0,3,Data1,2,Data2,0,Data3,0
03:47:06,MsgId,6,Data0,3,Data1,3,Data2,0,Data3,0
03:47:06,MsgId,6,Data0,3,Data1,4,Data2,0,Data3,0
03:47:06,MsgId,6,Data0,3,Data1,5,Data2,0,Data3,0
03:47:06,MsgId,6,Data0,4,Data1,1,Data2,0,Data3,0
03:47:06,MsgId,6,Data0,4,Data1,2,Data2,0,Data3,0
03:47:07,MsgId,6,Data0,4,Data1,3,Data2,0,Data3,0
03:47:07,MsgId,6,Data0,4,Data1,4,Data2,0,Data3,0
03:47:07,MsgId,6,Data0,4,Data1,5,Data2,0,Data3,0
03:47:07,MsgId,7,Data0,1,Data1,0,Data2,0
03:47:09,MsgId,7,Data0,2,Data1,0,Data2,0
03:47:09,MsgId,7,Data0,3,Data1,0,Data2,0
03:47:09,MsgId,7,Data0,4,Data1,0,Data2,0
03:47:09,MsgId,5
03:47:09,MsgId,51,Data0,0,Data1,7
03:47:09,MsgId,1
03:52:03,MsgId,6,Data0,1,Data1,1,Data2,0,Data3,0
03:52:03,MsgId,6,Data0,1,Data1,2,Data2,0,Data3,0
03:52:04,MsgId,6,Data0,1,Data1,3,Data2,0,Data3,0
03:52:04,MsgId,6,Data0,1,Data1,4,Data2,0,Data3,0
03:52:04,MsgId,6,Data0,1,Data1,5,Data2,0,Data3,0
03:52:04,MsgId,6,Data0,2,Data1,1,Data2,0,Data3,0
03:52:04,MsgId,6,Data0,2,Data1,2,Data2,0,Data3,0
03:52:05,MsgId,6,Data0,2,Data1,3,Data2,0,Data3,0
03:52:05,MsgId,6,Data0,2,Data1,4,Data2,0,Data3,0
03:52:05,MsgId,6,Data0,2,Data1,5,Data2,0,Data3,0
03:52:05,MsgId,6,Data0,3,Data1,1,Data2,0,Data3,0
03:52:05,MsgId,6,Data0,3,Data1,2,Data2,0,Data3,0
03:52:06,MsgId,6,Data0,3,Data1,3,Data2,0,Data3,0
03:52:06,MsgId,6,Data0,3,Data1,4,Data2,0,Data3,0
03:52:06,MsgId,6,Data0,3,Data1,5,Data2,0,Data3,0
03:52:06,MsgId,6,Data0,4,Data1,1,Data2,0,Data3,0
03:52:06,MsgId,6,Data0,4,Data1,2,Data2,0,Data3,0
03:52:07,MsgId,6,Data0,4,Data1,3,Data2,0,Data3,0
03:52:07,MsgId,6,Data0,4,Data1,4,Data2,0,Data3,0
03:52:07,MsgId,6,Data0,4,Data1,5,Data2,0,Data3,0
03:52:07,MsgId,7,Data0,1,Data1,0,Data2,0
03:52:07,MsgId,7,Data0,2,Data1,0,Data2,0
03:52:08,MsgId,7,Data0,3,Data1,0,Data2,0
03:52:08,MsgId,7,Data0,4,Data1,0,Data2,0
03:52:08,MsgId,5
03:52:08,MsgId,51,Data0,0,Data1,3
03:52:08,MsgId,1
03:57:03,MsgId,6,Data0,1,Data1,1,Data2,0,Data3,0
03:57:03,MsgId,6,Data0,1,Data1,2,Data2,0,Data3,0
03:57:04,MsgId,6,Data0,1,Data1,3,Data2,0,Data3,0
03:57:04,MsgId,6,Data0,1,Data1,4,Data2,0,Data3,0
03:57:04,MsgId,6,Data0,1,Data1,5,Data2,0,Data3,0
03:57:04,MsgId,6,Data0,2,Data1,1,Data2,0,Data3,0
03:57:04,MsgId,6,Data0,2,Data1,2,Data2,0,Data3,0
03:57:05,MsgId,6,Data0,2,Data1,3,Data2,0,Data3,0
03:57:05,MsgId,6,Data0,2,Data1,4,Data2,0,Data3,0
03:57:05,MsgId,6,Data0,2,Data1,5,Data2,0,Data3,0
03:57:05,MsgId,6,Data0,3,Data1,1,Data2,0,Data3,0
03:57:05,MsgId,6,Data0,3,Data1,2,Data2,0,Data3,0
03:57:06,MsgId,6,Data0,3,Data1,3,Data2,0,Data3,0
03:57:06,MsgId,6,Data0,3,Data1,4,Data2,0,Data3,0
03:57:06,MsgId,6,Data0,3,Data1,5,Data2,0,Data3,0
03:57:06,MsgId,6,Data0,4,Data1,1,Data2,0,Data3,0
03:57:06,MsgId,6,Data0,4,Data1,2,Data2,0,Data3,0
03:57:07,MsgId,6,Data0,4,Data1,3,Data2,0,Data3,0
03:57:07,MsgId,6,Data0,4,Data1,4,Data2,0,Data3,0
03:57:07,MsgId,6,Data0,4,Data1,5,Data2,0,Data3,0
03:57:07,MsgId,7,Data0,1,Data1,0,Data2,0
03:57:07,MsgId,7,Data0,2,Data1,0,Data2,0
03:57:08,MsgId,7,Data0,3,Data1,0,Data2,0
03:57:08,MsgId,7,Data0,4,Data1,0,Data2,0
03:57:08,MsgId,5
03:57:08,MsgId,51,Data0,0,Data1,3
03:57:08,MsgId,1
04:02:03,MsgId,6,Data0,1,Data1,1,Data2,0,Data3,0
04:02:03,MsgId,6,Data0,1,Data1,2,Data2,0,Data3,0
04:02:04,MsgId,6,Data0,1,Data1,3,Data2,0,Data3,0
04:02:04,MsgId,6,Data0,1,Data1,4,Data2,0,Data3,0
04:02:04,MsgId,6,Data0,1,Data1,5,Data2,0,Data3,0
04:02:04,MsgId,6,Data0,2,Data1,1,Data2,0,Data3,0
04:02:04,MsgId,6,Data0,2,Data1,2,Data2,0,Data3,0
04:02:05,MsgId,6,Data0,2,Data1,3,Data2,0,Data3,0
04:02:05,MsgId,6,Data0,2,Data1,4,Data2,0,Data3,0
04:02:05,MsgId,6,Data0,2,Data1,5,Data2,0,Data3,0
04:02:05,MsgId,6,Data0,3,Data1,1,Data2,0,Data3,0
04:02:05,MsgId,6,Data0,3,Data1,2,Data2,0,Data3,0
04:02:06,MsgId,6,Data0,3,Data1,3,Data2,0,Data3,0
04:02:06,MsgId,6,Data0,3,Data1,4,Data2,0,Data3,0
04:02:06,MsgId,6,Data0,3,Data1,5,Data2,0,Data3,0
04:02:06,MsgId,6,Data0,4,Data1,1,Data2,0,Data3,0
04:02:06,MsgId,6,Data0,4,Data1,2,Data2,0,Data3,0
04:02:07,MsgId,6,Data0,4,Data1,3,Data2,0,Data3,0
04:02:07,MsgId,6,Data0,4,Data1,4,Data2,0,Data3,0
04:02:07,MsgId,6,Data0,4,Data1,5,Data2,0,Data3,0
04:02:07,MsgId,7,Data0,1,Data1,0,Data2,0
04:02:07,MsgId,7,Data0,2,Data1,0,Data2,0
04:02:08,MsgId,7,Data0,3,Data1,0,Data2,0
04:02:08,MsgId,7,Data0,4,Data1,0,Data2,0
04:02:08,MsgId,5
04:02:08,MsgId,51,Data0,0,Data1,7
04:02:08,MsgId,1
04:07:03,MsgId,6,Data0,1,Data1,1,Data2,0,Data3,0
04:07:03,MsgId,6,Data0,1,Data1,2,Data2,0,Data3,0
04:07:04,MsgId,6,Data0,1,Data1,3,Data2,0,Data3,0
04:07:04,MsgId,6,Data0,1,Data1,4,Data2,0,Data3,0
04:07:04,MsgId,6,Data0,1,Data1,5,Data2,0,Data3,0
04:07:04,MsgId,6,Data0,2,Data1,1,Data2,0,Data3,0
04:07:04,MsgId,6,Data0,2,Data1,2,Data2,0,Data3,0
04:07:05,MsgId,6,Data0,2,Data1,3,Data2,0,Data3,0
04:07:05,MsgId,6,Data0,2,Data1,4,Data2,0,Data3,0
04:07:05,MsgId,6,Data0,2,Data1,5,Data2,0,Data3,0
04:07:05,MsgId,6,Data0,3,Data1,1,Data2,0,Data3,0
04:07:05,MsgId,6,Data0,3,Data1,2,Data2,0,Data3,0
04:07:06,MsgId,6,Data0,3,Data1,3,Data2,0,Data3,0
04:07:06,MsgId,6,Data0,3,Data1,4,Data2,0,Data3,0
04:07:06,MsgId,6,Data0,3,Data1,5,Data2,0,Data3,0
04:07:06,MsgId,6,Data0,4,Data1,1,Data2,0,Data3,0
04:07:06,MsgId,6,Data0,4,Data1,2,Data2,0,Data3,0
04:07:07,MsgId,6,Data0,4,Data1,3,Data2,0,Data3,0
04:07:07,MsgId,6,Data0,4,Data1,4,Data2,0,Data3,0
04:07:07,MsgId,6,Data0,4,Data1,5,Data2,0,Data3,0
04:07:07,MsgId,7,Data0,1,Data1,0,Data2,0
04:07:07,MsgId,7,Data0,2,Data1,0,Data2,0
04:07:08,MsgId,7,Data0,3,Data1,0,Data2,0
04:07:08,MsgId,7,Data0,4,Data1,0,Data2,0
04:07:08,MsgId,5
04:07:08,MsgId,51,Data0,0,Data1,3
04:07:08,MsgId,1
04:12:03,MsgId,6,Data0,1,Data1,1,Data2,0,Data3,0
04:12:03,MsgId,6,Data0,1,Data1,2,Data2,0,Data3,0
04:12:04,MsgId,6,Data0,1,Data1,3,Data2,0,Data3,0
04:12:04,MsgId,6,Data0,1,Data1,4,Data2,0,Data3,0
04:12:04,MsgId,6,Data0,1,Data1,5,Data2,0,Data3,0
04:12:04,MsgId,6,Data0,2,Data1,1,Data2,0,Data3,0
04:12:04,MsgId,6,Data0,2,Data1,2,Data2,0,Data3,0
04:12:05,MsgId,6,Data0,2,Data1,3,Data2,0,Data3,0
04:12:05,MsgId,6,Data0,2,Data1,4,Data2,0,Data3,0
04:12:05,MsgId,6,Data0,2,Data1,5,Data2,0,Data3,0
04:12:05,MsgId,6,Data0,3,Data1,1,Data2,0,Data3,0
04:12:05,MsgId,6,Data0,3,Data1,2,Data2,0,Data3,0
04:12:06,MsgId,6,Data0,3,Data1,3,Data2,0,Data3,0
04:12:06,MsgId,6,Data0,3,Data1,4,Data2,0,Data3,0
04:12:06,MsgId,6,Data0,3,Data1,5,Data2,0,Data3,0
04:12:06,MsgId,6,Data0,4,Data1,1,Data2,0,Data3,0
04:12:06,MsgId,6,Data0,4,Data1,2,Data2,0,Data3,0
04:12:07,MsgId,6,Data0,4,Data1,3,Data2,0,Data3,0
04:12:07,MsgId,6,Data0,4,Data1,4,Data2,0,Data3,0
04:12:07,MsgId,6,Data0,4,Data1,5,Data2,0,Data3,0
04:12:07,MsgId,7,Data0,1,Data1,0,Data2,0
04:12:07,MsgId,7,Data0,2,Data1,0,Data2,0
04:12:08,MsgId,7,Data0,3,Data1,0,Data2,0
04:12:08,MsgId,7,Data0,4,Data1,0,Data2,0
04:12:08,MsgId,5
04:12:08,MsgId,51,Data0,0,Data1,3
04:12:08,MsgId,1
04:17:03,MsgId,6,Data0,1,Data1,1,Data2,0,Data3,0
04:17:03,MsgId,6,Data0,1,Data1,2,Data2,0,Data3,0
04:17:04,MsgId,6,Data0,1,Data1,3,Data2,0,Data3,0
04:17:04,MsgId,6,Data0,1,Data1,4,Data2,0,Data3,0
04:17:04,MsgId,6,Data0,1,Data1,5,Data2,0,Data3,0
04:17:04,MsgId,6,Data0,2,Data1,1,Data2,0,Data3,0
04:17:04,MsgId,6,Data0,2,Data1,2,Data2,0,Data3,0
04:17:05,MsgId,6,Data0,2,Data1,3,Data2,0,Data3,0
04:17:05,MsgId,6,Data0,2,Data1,4,Data2,0,Data3,0
04:17:05,MsgId,6,Data0,2,Data1,5,Data2,0,Data3,0
04:17:05,MsgId,6,Data0,3,Data1,1,Data2,0,Data3,0
04:17:05,MsgId,6,Data0,3,Data1,2,Data2,0,Data3,0
04:17:06,MsgId,6,Data0,3,Data1,3,Data2,0,Data3,0
04:17:06,MsgId,6,Data0,3,Data1,4,Data2,0,Data3,0
04:17:06,MsgId,6,Data0,3,Data1,5,Data2,0,Data3,0
04:17:06,MsgId,6,Data0,4,Data1,1,Data2,0,Data3,0
04:17:06,MsgId,6,Data0,4,Data1,2,Data2,0,Data3,0
04:17:07,MsgId,6,Data0,4,Data1,3,Data2,0,Data3,0
04:17:07,MsgId,6,Data0,4,Data1,4,Data2,0,Data3,0
04:17:07,MsgId,6,Data0,4,Data1,5,Data2,0,Data3,0
04:17:07,MsgId,7,Data0,1,Data1,0,Data2,0
04:17:07,MsgId,7,Data0,2,Data1,0,Data2,0
04:17:08,MsgId,7,Data0,3,Data1,0,Data2,0
04:17:08,MsgId,7,Data0,4,Data1,0,Data2,0
04:17:08,MsgId,5
04:17:08,MsgId,51,Data0,0,Data1,7
04:17:08,MsgId,1
04:22:03,MsgId,6,Data0,1,Data1,1,Data2,0,Data3,0
04:22:03,MsgId,6,Data0,1,Data1,2,Data2,0,Data3,0
04:22:04,MsgId,6,Data0,1,Data1,3,Data2,0,Data3,0
04:22:04,MsgId,6,Data0,1,Data1,4,Data2,0,Data3,0
04:22:04,MsgId,6,Data0,1,Data1,5,Data2,0,Data3,0
04:22:04,MsgId,6,Data0,2,Data1,1,Data2,0,Data3,0
04:22:04,MsgId,6,Data0,2,Data1,2,Data2,0,Data3,0
04:22:05,MsgId,6,Data0,2,Data1,3,Data2,0,Data3,0
04:22:05,MsgId,6,Data0,2,Data1,4,Data2,0,Data3,0
04:22:05,MsgId,6,Data0,2,Data1,5,Data2,0,Data3,0
04:22:05,MsgId,6,Data0,3,Data1,1,Data2,0,Data3,0
04:22:05,MsgId,6,Data0,3,Data1,2,Data2,0,Data3,0
04:22:06,MsgId,6,Data0,3,Data1,3,Data2,0,Data3,0
04:22:06,MsgId,6,Data0,3,Data1,4,Data2,0,Data3,0
04:22:06,MsgId,6,Data0,3,Data1,5,Data2,0,Data3,0
04:22:06,MsgId,6,Data0,4,Data1,1,Data2,0,Data3,0
04:22:06,MsgId,6,Data0,4,Data1,2,Data2,0,Data3,0
04:22:07,MsgId,6,Data0,4,Data1,3,Data2,0,Data3,0
04:22:07,MsgId,6,Data0,4,Data1,4,Data2,0,Data3,0
04:22:07,MsgId,6,Data0,4,Data1,5,Data2,0,Data3,0
04:22:07,MsgId,7,Data0,1,Data1,0,Data2,0
04:22:07,MsgId,7,Data0,2,Data1,0,Data2,0
04:22:08,MsgId,7,Data0,3,Data1,0,Data2,0
04:22:08,MsgId,7,Data0,4,Data1,0,Data2,0
04:22:08,MsgId,5
04:22:08,MsgId,51,Data0,0,Data1,7
04:22:08,MsgId,1
04:27:03,MsgId,6,Data0,1,Data1,1,Data2,0,Data3,0
04:27:03,MsgId,6,Data0,1,Data1,2,Data2,0,Data3,0
04:27:04,MsgId,6,Data0,1,Data1,3,Data2,0,Data3,0
04:27:04,MsgId,6,Data0,1,Data1,4,Data2,0,Data3,0
04:27:04,MsgId,6,Data0,1,Data1,5,Data2,0,Data3,0
04:27:04,MsgId,6,Data0,2,Data1,1,Data2,0,Data3,0
04:27:04,MsgId,6,Data0,2,Data1,2,Data2,0,Data3,0
04:27:05,MsgId,6,Data0,2,Data1,3,Data2,0,Data3,0
04:27:05,MsgId,6,Data0,2,Data1,4,Data2,0,Data3,0
04:27:05,MsgId,6,Data0,2,Data1,5,Data2,0,Data3,0
04:27:05,MsgId,6,Data0,3,Data1,1,Data2,0,Data3,0
04:27:05,MsgId,6,Data0,3,Data1,2,Data2,0,Data3,0
04:27:06,MsgId,6,Data0,3,Data1,3,Data2,0,Data3,0
04:27:06,MsgId,6,Data0,3,Data1,4,Data2,0,Data3,0
04:27:06,MsgId,6,Data0,3,Data1,5,Data2,0,Data3,0
04:27:06,MsgId,6,Data0,4,Data1,1,Data2,0,Data3,0
04:27:06,MsgId,6,Data0,4,Data1,2,Data2,0,Data3,0
04:27:07,MsgId,6,Data0,4,Data1,3,Data2,0,Data3,0
04:27:07,MsgId,6,Data0,4,Data1,4,Data2,0,Data3,0
04:27:07,MsgId,6,Data0,4,Data1,5,Data2,0,Data3,0
04:27:07,MsgId,7,Data0,1,Data1,0,Data2,0
04:27:07,MsgId,7,Data0,2,Data1,0,Data2,0
04:27:08,MsgId,7,Data0,3,Data1,0,Data2,0
04:27:08,MsgId,7,Data0,4,Data1,0,Data2,0
04:27:08,MsgId,5
04:27:08,MsgId,51,Data0,0,Data1,3
04:27:08,MsgId,1
04:32:03,MsgId,6,Data0,1,Data1,1,Data2,0,Data3,0
04:32:03,MsgId,6,Data0,1,Data1,2,Data2,0,Data3,0
04:32:04,MsgId,6,Data0,1,Data1,3,Data2,0,Data3,0
04:32:04,MsgId,6,Data0,1,Data1,4,Data2,0,Data3,0
04:32:04,MsgId,6,Data0,1,Data1,5,Data2,0,Data3,0
04:32:04,MsgId,6,Data0,2,Data1,1,Data2,0,Data3,0
04:32:04,MsgId,6,Data0,2,Data1,2,Data2,0,Data3,0
04:32:05,MsgId,6,Data0,2,Data1,3,Data2,0,Data3,0
04:32:05,MsgId,6,Data0,2,Data1,4,Data2,0,Data3,0
04:32:05,MsgId,6,Data0,2,Data1,5,Data2,0,Data3,0
04:32:05,MsgId,6,Data0,3,Data1,1,Data2,0,Data3,0
04:32:05,MsgId,6,Data0,3,Data1,2,Data2,0,Data3,0
04:32:06,MsgId,6,Data0,3,Data1,3,Data2,0,Data3,0
04:32:06,MsgId,6,Data0,3,Data1,4,Data2,0,Data3,0
04:32:06,MsgId,6,Data0,3,Data1,5,Data2,0,Data3,0
04:32:06,MsgId,6,Data0,4,Data1,1,Data2,0,Data3,0
04:32:06,MsgId,6,Data0,4,Data1,2,Data2,0,Data3,0
04:32:07,MsgId,6,Data0,4,Data1,3,Data2,0,Data3,0
04:32:07,MsgId,6,Data0,4,Data1,4,Data2,0,Data3,0
04:32:07,MsgId,6,Data0,4,Data1,5,Data2,0,Data3,0
04:32:07,MsgId,7,Data0,1,Data1,0,Data2,0
04:32:08,MsgId,7,Data0,2,Data1,0,Data2,0
04:32:08,MsgId,7,Data0,3,Data1,0,Data2,0
04:32:08,MsgId,7,Data0,4,Data1,0,Data2,0
04:32:08,MsgId,5
04:32:08,MsgId,51,Data0,0,Data1,3
04:32:08,MsgId,1
04:37:03,MsgId,6,Data0,1,Data1,1,Data2,0,Data3,0
04:37:03,MsgId,6,Data0,1,Data1,2,Data2,0,Data3,0
04:37:04,MsgId,6,Data0,1,Data1,3,Data2,0,Data3,0
04:37:04,MsgId,6,Data0,1,Data1,4,Data2,0,Data3,0
04:37:04,MsgId,6,Data0,1,Data1,5,Data2,0,Data3,0
04:37:04,MsgId,6,Data0,2,Data1,1,Data2,0,Data3,0
04:37:04,MsgId,6,Data0,2,Data1,2,Data2,0,Data3,0
04:37:05,MsgId,6,Data0,2,Data1,3,Data2,0,Data3,0
04:37:05,MsgId,6,Data0,2,Data1,4,Data2,0,Data3,0
04:37:05,MsgId,6,Data0,2,Data1,5,Data2,0,Data3,0
04:37:05,MsgId,6,Data0,3,Data1,1,Data2,0,Data3,0
04:37:06,MsgId,6,Data0,3,Data1,2,Data2,0,Data3,0
04:37:06,MsgId,6,Data0,3,Data1,3,Data2,0,Data3,0
04:37:06,MsgId,6,Data0,3,Data1,4,Data2,0,Data3,0
04:37:06,MsgId,6,Data0,3,Data1,5,Data2,0,Data3,0
04:37:06,MsgId,6,Data0,4,Data1,1,Data2,0,Data3,0
04:37:07,MsgId,6,Data0,4,Data1,2,Data2,0,Data3,0
04:37:07,MsgId,6,Data0,4,Data1,3,Data2,0,Data3,0
04:37:07,MsgId,6,Data0,4,Data1,4,Data2,0,Data3,0
04:37:07,MsgId,6,Data0,4,Data1,5,Data2,0,Data3,0
04:37:07,MsgId,7,Data0,1,Data1,0,Data2,0
04:37:08,MsgId,7,Data0,2,Data1,0,Data2,0
04:37:08,MsgId,7,Data0,3,Data1,0,Data2,0
04:37:08,MsgId,7,Data0,4,Data1,0,Data2,0
04:37:08,MsgId,5
04:37:08,MsgId,51,Data0,0,Data1,7
04:37:08,MsgId,1
04:42:03,MsgId,6,Data0,1,Data1,1,Data2,0,Data3,0
04:42:04,MsgId,6,Data0,1,Data1,2,Data2,0,Data3,0
04:42:04,MsgId,6,Data0,1,Data1,3,Data2,0,Data3,0
04:42:04,MsgId,6,Data0,1,Data1,4,Data2,0,Data3,0
04:42:04,MsgId,6,Data0,1,Data1,5,Data2,0,Data3,0
04:42:04,MsgId,6,Data0,2,Data1,1,Data2,0,Data3,0
04:42:05,MsgId,6,Data0,2,Data1,2,Data2,0,Data3,0
04:42:05,MsgId,6,Data0,2,Data1,3,Data2,0,Data3,0
04:42:05,MsgId,6,Data0,2,Data1,4,Data2,0,Data3,0
04:42:05,MsgId,6,Data0,2,Data1,5,Data2,0,Data3,0
04:42:05,MsgId,6,Data0,3,Data1,1,Data2,0,Data3,0
04:42:06,MsgId,6,Data0,3,Data1,2,Data2,0,Data3,0
04:42:06,MsgId,6,Data0,3,Data1,3,Data2,0,Data3,0
04:42:06,MsgId,6,Data0,3,Data1,4,Data2,0,Data3,0
04:42:06,MsgId,6,Data0,3,Data1,5,Data2,0,Data3,0
04:42:06,MsgId,6,Data0,4,Data1,1,Data2,0,Data3,0
04:42:07,MsgId,6,Data0,4,Data1,2,Data2,0,Data3,0
04:42:07,MsgId,6,Data0,4,Data1,3,Data2,0,Data3,0
04:42:07,MsgId,6,Data0,4,Data1,4,Data2,0,Data3,0
04:42:07,MsgId,6,Data0,4,Data1,5,Data2,0,Data3,0
04:42:07,MsgId,7,Data0,1,Data1,0,Data2,0
04:42:08,MsgId,7,Data0,2,Data1,0,Data2,0
04:42:08,MsgId,7,Data0,3,Data1,0,Data2,0
04:42:08,MsgId,7,Data0,4,Data1,0,Data2,0
04:42:08,MsgId,5
04:42:08,MsgId,51,Data0,0,Data1,3
04:42:08,MsgId,1
04:47:03,MsgId,6,Data0,1,Data1,1,Data2,0,Data3,0
04:47:04,MsgId,6,Data0,1,Data1,2,Data2,0,Data3,0
04:47:04,MsgId,6,Data0,1,Data1,3,Data2,0,Data3,0
04:47:04,MsgId,6,Data0,1,Data1,4,Data2,0,Data3,0
04:47:04,MsgId,6,Data0,1,Data1,5,Data2,0,Data3,0
04:47:04,MsgId,6,Data0,2,Data1,1,Data2,0,Data3,0
04:47:05,MsgId,6,Data0,2,Data1,2,Data2,0,Data3,0
04:47:05,MsgId,6,Data0,2,Data1,3,Data2,0,Data3,0
04:47:05,MsgId,6,Data0,2,Data1,4,Data2,0,Data3,0
04:47:05,MsgId,6,Data0,2,Data1,5,Data2,0,Data3,0
04:47:05,MsgId,6,Data0,3,Data1,1,Data2,0,Data3,0
04:47:06,MsgId,6,Data0,3,Data1,2,Data2,0,Data3,0
04:47:06,MsgId,6,Data0,3,Data1,3,Data2,0,Data3,0
04:47:06,MsgId,6,Data0,3,Data1,4,Data2,0,Data3,0
04:47:06,MsgId,6,Data0,3,Data1,5,Data2,0,Data3,0
04:47:06,MsgId,6,Data0,4,Data1,1,Data2,0,Data3,0
04:47:07,MsgId,6,Data0,4,Data1,2,Data2,0,Data3,0
04:47:07,MsgId,6,Data0,4,Data1,3,Data2,0,Data3,0
04:47:07,MsgId,6,Data0,4,Data1,4,Data2,0,Data3,0
04:47:07,MsgId,6,Data0,4,Data1,5,Data2,0,Data3,0
04:47:07,MsgId,7,Data0,1,Data1,0,Data2,0
04:47:08,MsgId,7,Data0,2,Data1,0,Data2,0
04:47:08,MsgId,7,Data0,3,Data1,0,Data2,0
04:47:08,MsgId,7,Data0,4,Data1,0,Data2,0
04:47:08,MsgId,5
04:47:08,MsgId,51,Data0,0,Data1,11
04:47:08,MsgId,1
04:52:03,MsgId,6,Data0,1,Data1,1,Data2,0,Data3,0
04:52:04,MsgId,6,Data0,1,Data1,2,Data2,0,Data3,0
04:52:04,MsgId,6,Data0,1,Data1,3,Data2,0,Data3,0
04:52:04,MsgId,6,Data0,1,Data1,4,Data2,0,Data3,0
04:52:04,MsgId,6,Data0,1,Data1,5,Data2,0,Data3,0
04:52:04,MsgId,6,Data0,2,Data1,1,Data2,0,Data3,0
04:52:05,MsgId,6,Data0,2,Data1,2,Data2,0,Data3,0
04:52:05,MsgId,6,Data0,2,Data1,3,Data2,0,Data3,0
04:52:05,MsgId,6,Data0,2,Data1,4,Data2,0,Data3,0
04:52:05,MsgId,6,Data0,2,Data1,5,Data2,0,Data3,0
04:52:05,MsgId,6,Data0,3,Data1,1,Data2,0,Data3,0
04:52:06,MsgId,6,Data0,3,Data1,2,Data2,0,Data3,0
04:52:06,MsgId,6,Data0,3,Data1,3,Data2,0,Data3,0
04:52:06,MsgId,6,Data0,3,Data1,4,Data2,0,Data3,0
04:52:06,MsgId,6,Data0,3,Data1,5,Data2,0,Data3,0
04:52:06,MsgId,6,Data0,4,Data1,1,Data2,0,Data3,0
04:52:07,MsgId,6,Data0,4,Data1,2,Data2,0,Data3,0
04:52:07,MsgId,6,Data0,4,Data1,3,Data2,0,Data3,0
04:52:07,MsgId,6,Data0,4,Data1,4,Data2,0,Data3,0
04:52:07,MsgId,6,Data0,4,Data1,5,Data2,0,Data3,0
04:52:07,MsgId,7,Data0,1,Data1,0,Data2,0
04:52:08,MsgId,7,Data0,2,Data1,0,Data2,0
04:52:08,MsgId,7,Data0,3,Data1,0,Data2,0
04:52:08,MsgId,7,Data0,4,Data1,0,Data2,0
04:52:08,MsgId,5
04:52:08,MsgId,51,Data0,0,Data1,7
04:52:08,MsgId,1
04:57:03,MsgId,6,Data0,1,Data1,1,Data2,0,Data3,0
04:57:04,MsgId,6,Data0,1,Data1,2,Data2,0,Data3,0
04:57:04,MsgId,6,Data0,1,Data1,3,Data2,0,Data3,0
04:57:04,MsgId,6,Data0,1,Data1,4,Data2,0,Data3,0
04:57:04,MsgId,6,Data0,1,Data1,5,Data2,0,Data3,0
04:57:04,MsgId,6,Data0,2,Data1,1,Data2,0,Data3,0
04:57:05,MsgId,6,Data0,2,Data1,2,Data2,0,Data3,0
04:57:05,MsgId,6,Data0,2,Data1,3,Data2,0,Data3,0
04:57:05,MsgId,6,Data0,2,Data1,4,Data2,0,Data3,0
04:57:05,MsgId,6,Data0,2,Data1,5,Data2,0,Data3,0
04:57:05,MsgId,6,Data0,3,Data1,1,Data2,0,Data3,0
04:57:06,MsgId,6,Data0,3,Data1,2,Data2,0,Data3,0
04:57:06,MsgId,6,Data0,3,Data1,3,Data2,0,Data3,0
04:57:06,MsgId,6,Data0,3,Data1,4,Data2,0,Data3,0
04:57:06,MsgId,6,Data0,3,Data1,5,Data2,0,Data3,0
04:57:06,MsgId,6,Data0,4,Data1,1,Data2,0,Data3,0
04:57:07,MsgId,6,Data0,4,Data1,2,Data2,0,Data3,0
04:57:07,MsgId,6,Data0,4,Data1,3,Data2,0,Data3,0
04:57:07,MsgId,6,Data0,4,Data1,4,Data2,0,Data3,0
04:57:07,MsgId,6,Data0,4,Data1,5,Data2,0,Data3,0
04:57:07,MsgId,7,Data0,1,Data1,0,Data2,0
04:57:08,MsgId,7,Data0,2,Data1,0,Data2,0
04:57:08,MsgId,7,Data0,3,Data1,0,Data2,0
04:57:08,MsgId,7,Data0,4,Data1,0,Data2,0
04:57:08,MsgId,5
04:57:08,MsgId,51,Data0,0,Data1,11
04:57:08,MsgId,1
05:02:03,MsgId,6,Data0,1,Data1,1,Data2,0,Data3,0
05:02:04,MsgId,6,Data0,1,Data1,2,Data2,0,Data3,0
05:02:04,MsgId,6,Data0,1,Data1,3,Data2,0,Data3,0
05:02:04,MsgId,6,Data0,1,Data1,4,Data2,0,Data3,0
05:02:04,MsgId,6,Data0,1,Data1,5,Data2,0,Data3,0
05:02:04,MsgId,6,Data0,2,Data1,1,Data2,0,Data3,0
05:02:05,MsgId,6,Data0,2,Data1,2,Data2,0,Data3,0
05:02:05,MsgId,6,Data0,2,Data1,3,Data2,0,Data3,0
05:02:05,MsgId,6,Data0,2,Data1,4,Data2,0,Data3,0
05:02:05,MsgId,6,Data0,2,Data1,5,Data2,0,Data3,0
05:02:05,MsgId,6,Data0,3,Data1,1,Data2,0,Data3,0
05:02:06,MsgId,6,Data0,3,Data1,2,Data2,0,Data3,0
05:02:06,MsgId,6,Data0,3,Data1,3,Data2,0,Data3,0
05:02:06,MsgId,6,Data0,3,Data1,4,Data2,0,Data3,0
05:02:06,MsgId,6,Data0,3,Data1,5,Data2,0,Data3,0
05:02:06,MsgId,6,Data0,4,Data1,1,Data2,0,Data3,0
05:02:07,MsgId,6,Data0,4,Data1,2,Data2,0,Data3,0
05:02:07,MsgId,6,Data0,4,Data1,3,Data2,0,Data3,0
05:02:07,MsgId,6,Data0,4,Data1,4,Data2,0,Data3,0
05:02:07,MsgId,6,Data0,4,Data1,5,Data2,0,Data3,0
05:02:07,MsgId,7,Data0,1,Data1,0,Data2,0
05:02:08,MsgId,7,Data0,2,Data1,0,Data2,0
05:02:08,MsgId,7,Data0,3,Data1,0,Data2,0
05:02:08,MsgId,7,Data0,4,Data1,0,Data2,0
05:02:08,MsgId,5
05:02:08,MsgId,51,Data0,0,Data1,3
05:02:08,MsgId,1
05:07:03,MsgId,6,Data0,1,Data1,1,Data2,0,Data3,0
05:07:04,MsgId,6,Data0,1,Data1,2,Data2,0,Data3,0
05:07:04,MsgId,6,Data0,1,Data1,3,Data2,0,Data3,0
05:07:04,MsgId,6,Data0,1,Data1,4,Data2,0,Data3,0
05:07:04,MsgId,6,Data0,1,Data1,5,Data2,0,Data3,0
05:07:04,MsgId,6,Data0,2,Data1,1,Data2,0,Data3,0
05:07:05,MsgId,6,Data0,2,Data1,2,Data2,0,Data3,0
05:07:05,MsgId,6,Data0,2,Data1,3,Data2,0,Data3,0
05:07:05,MsgId,6,Data0,2,Data1,4,Data2,0,Data3,0
05:07:05,MsgId,6,Data0,2,Data1,5,Data2,0,Data3,0
05:07:05,MsgId,6,Data0,3,Data1,1,Data2,0,Data3,0
05:07:06,MsgId,6,Data0,3,Data1,2,Data2,0,Data3,0
05:07:06,MsgId,6,Data0,3,Data1,3,Data2,0,Data3,0
05:07:06,MsgId,6,Data0,3,Data1,4,Data2,0,Data3,0
05:07:06,MsgId,6,Data0,3,Data1,5,Data2,0,Data3,0
05:07:06,MsgId,6,Data0,4,Data1,1,Data2,0,Data3,0
05:07:07,MsgId,6,Data0,4,Data1,2,Data2,0,Data3,0
05:07:07,MsgId,6,Data0,4,Data1,3,Data2,0,Data3,0
05:07:07,MsgId,6,Data0,4,Data1,4,Data2,0,Data3,0
05:07:07,MsgId,6,Data0,4,Data1,5,Data2,0,Data3,0
05:07:07,MsgId,7,Data0,1,Data1,0,Data2,0
05:07:08,MsgId,7,Data0,2,Data1,0,Data2,0
05:07:08,MsgId,7,Data0,3,Data1,0,Data2,0
05:07:08,MsgId,7,Data0,4,Data1,0,Data2,0
05:07:08,MsgId,5
05:07:08,MsgId,51,Data0,0,Data1,7
05:07:08,MsgId,1
05:12:03,MsgId,6,Data0,1,Data1,1,Data2,0,Data3,0
05:12:04,MsgId,6,Data0,1,Data1,2,Data2,0,Data3,0
05:12:04,MsgId,6,Data0,1,Data1,3,Data2,0,Data3,0
05:12:04,MsgId,6,Data0,1,Data1,4,Data2,0,Data3,0
05:12:04,MsgId,6,Data0,1,Data1,5,Data2,0,Data3,0
05:12:04,MsgId,6,Data0,2,Data1,1,Data2,0,Data3,0
05:12:05,MsgId,6,Data0,2,Data1,2,Data2,0,Data3,0
05:12:05,MsgId,6,Data0,2,Data1,3,Data2,0,Data3,0
05:12:05,MsgId,6,Data0,2,Data1,4,Data2,0,Data3,0
05:12:05,MsgId,6,Data0,2,Data1,5,Data2,0,Data3,0
05:12:05,MsgId,6,Data0,3,Data1,1,Data2,0,Data3,0
05:12:06,MsgId,6,Data0,3,Data1,2,Data2,0,Data3,0
05:12:06,MsgId,6,Data0,3,Data1,3,Data2,0,Data3,0
05:12:06,MsgId,6,Data0,3,Data1,4,Data2,0,Data3,0
05:12:06,MsgId,6,Data0,3,Data1,5,Data2,0,Data3,0
05:12:06,MsgId,6,Data0,4,Data1,1,Data2,0,Data3,0
05:12:07,MsgId,6,Data0,4,Data1,2,Data2,0,Data3,0
05:12:07,MsgId,6,Data0,4,Data1,3,Data2,0,Data3,0
05:12:07,MsgId,6,Data0,4,Data1,4,Data2,0,Data3,0
05:12:07,MsgId,6,Data0,4,Data1,5,Data2,0,Data3,0
05:12:07,MsgId,7,Data0,1,Data1,0,Data2,0
05:12:08,MsgId,7,Data0,2,Data1,0,Data2,0
05:12:08,MsgId,7,Data0,3,Data1,0,Data2,0
05:12:08,MsgId,7,Data0,4,Data1,0,Data2,0
05:12:08,MsgId,5
05:12:08,MsgId,51,Data0,0,Data1,3
05:12:08,MsgId,1
05:17:03,MsgId,6,Data0,1,Data1,1,Data2,0,Data3,0
05:17:04,MsgId,6,Data0,1,Data1,2,Data2,0,Data3,0
05:17:04,MsgId,6,Data0,1,Data1,3,Data2,0,Data3,0
05:17:04,MsgId,6,Data0,1,Data1,4,Data2,0,Data3,0
05:17:04,MsgId,6,Data0,1,Data1,5,Data2,0,Data3,0
05:17:04,MsgId,6,Data0,2,Data1,1,Data2,0,Data3,0
05:17:05,MsgId,6,Data0,2,Data1,2,Data2,0,Data3,0
05:17:05,MsgId,6,Data0,2,Data1,3,Data2,0,Data3,0
05:17:05,MsgId,6,Data0,2,Data1,4,Data2,0,Data3,0
05:17:05,MsgId,6,Data0,2,Data1,5,Data2,0,Data3,0
05:17:05,MsgId,6,Data0,3,Data1,1,Data2,0,Data3,0
05:17:06,MsgId,6,Data0,3,Data1,2,Data2,0,Data3,0
05:17:06,MsgId,6,Data0,3,Data1,3,Data2,0,Data3,0
05:17:06,MsgId,6,Data0,3,Data1,4,Data2,0,Data3,0
05:17:06,MsgId,6,Data0,3,Data1,5,Data2,0,Data3,0
05:17:06,MsgId,6,Data0,4,Data1,1,Data2,0,Data3,0
05:17:07,MsgId,6,Data0,4,Data1,2,Data2,0,Data3,0
05:17:07,MsgId,6,Data0,4,Data1,3,Data2,0,Data3,0
05:17:07,MsgId,6,Data0,4,Data1,4,Data2,0,Data3,0
05:17:07,MsgId,6,Data0,4,Data1,5,Data2,0,Data3,0
05:17:07,MsgId,7,Data0,1,Data1,0,Data2,0
05:17:08,MsgId,7,Data0,2,Data1,0,Data2,0
05:17:08,MsgId,7,Data0,3,Data1,0,Data2,0
05:17:08,MsgId,7,Data0,4,Data1,0,Data2,0
05:17:08,MsgId,5
05:17:08,MsgId,51,Data0,0,Data1,7
05:17:08,MsgId,1
05:22:03,MsgId,6,Data0,1,Data1,1,Data2,0,Data3,0
05:22:04,MsgId,6,Data0,1,Data1,2,Data2,0,Data3,0
05:22:04,MsgId,6,Data0,1,Data1,3,Data2,0,Data3,0
05:22:04,MsgId,6,Data0,1,Data1,4,Data2,0,Data3,0
05:22:04,MsgId,6,Data0,1,Data1,5,Data2,0,Data3,0
05:22:04,MsgId,6,Data0,2,Data1,1,Data2,0,Data3,0
05:22:05,MsgId,6,Data0,2,Data1,2,Data2,0,Data3,0
05:22:05,MsgId,6,Data0,2,Data1,3,Data2,0,Data3,0
05:22:05,MsgId,6,Data0,2,Data1,4,Data2,0,Data3,0
05:22:05,MsgId,6,Data0,2,Data1,5,Data2,0,Data3,0
05:22:05,MsgId,6,Data0,3,Data1,1,Data2,0,Data3,0
05:22:06,MsgId,6,Data0,3,Data1,2,Data2,0,Data3,0
05:22:06,MsgId,6,Data0,3,Data1,3,Data2,0,Data3,0
05:22:06,MsgId,6,Data0,3,Data1,4,Data2,0,Data3,0
05:22:06,MsgId,6,Data0,3,Data1,5,Data2,0,Data3,0
05:22:06,MsgId,6,Data0,4,Data1,1,Data2,0,Data3,0
05:22:07,MsgId,6,Data0,4,Data1,2,Data2,0,Data3,0
05:22:07,MsgId,6,Data0,4,Data1,3,Data2,0,Data3,0
05:22:07,MsgId,6,Data0,4,Data1,4,Data2,0,Data3,0
05:22:07,MsgId,6,Data0,4,Data1,5,Data2,0,Data3,0
05:22:07,MsgId,7,Data0,1,Data1,0,Data2,0
05:22:08,MsgId,7,Data0,2,Data1,0,Data2,0
05:22:08,MsgId,7,Data0,3,Data1,0,Data2,0
05:22:08,MsgId,7,Data0,4,Data1,0,Data2,0
05:22:08,MsgId,5
05:22:08,MsgId,51,Data0,0,Data1,3
05:22:08,MsgId,1
05:27:03,MsgId,6,Data0,1,Data1,1,Data2,0,Data3,0
05:27:04,MsgId,6,Data0,1,Data1,2,Data2,0,Data3,0
05:27:04,MsgId,6,Data0,1,Data1,3,Data2,0,Data3,0
05:27:04,MsgId,6,Data0,1,Data1,4,Data2,0,Data3,0
05:27:04,MsgId,6,Data0,1,Data1,5,Data2,0,Data3,0
05:27:04,MsgId,6,Data0,2,Data1,1,Data2,0,Data3,0
05:27:05,MsgId,6,Data0,2,Data1,2,Data2,0,Data3,0
05:27:05,MsgId,6,Data0,2,Data1,3,Data2,0,Data3,0
05:27:05,MsgId,6,Data0,2,Data1,4,Data2,0,Data3,0
05:27:05,MsgId,6,Data0,2,Data1,5,Data2,0,Data3,0
05:27:05,MsgId,6,Data0,3,Data1,1,Data2,0,Data3,0
05:27:06,MsgId,6,Data0,3,Data1,2,Data2,0,Data3,0
05:27:06,MsgId,6,Data0,3,Data1,3,Data2,0,Data3,0
05:27:06,MsgId,6,Data0,3,Data1,4,Data2,0,Data3,0
05:27:06,MsgId,6,Data0,3,Data1,5,Data2,0,Data3,0
05:27:06,MsgId,6,Data0,4,Data1,1,Data2,0,Data3,0
05:27:07,MsgId,6,Data0,4,Data1,2,Data2,0,Data3,0
05:27:07,MsgId,6,Data0,4,Data1,3,Data2,0,Data3,0
05:27:07,MsgId,6,Data0,4,Data1,4,Data2,0,Data3,0
05:27:07,MsgId,6,Data0,4,Data1,5,Data2,0,Data3,0
05:27:07,MsgId,7,Data0,1,Data1,0,Data2,0
05:27:08,MsgId,7,Data0,2,Data1,0,Data2,0
05:27:08,MsgId,7,Data0,3,Data1,0,Data2,0
05:27:08,MsgId,7,Data0,4,Data1,0,Data2,0
05:27:08,MsgId,5
05:27:08,MsgId,51,Data0,0,Data1,3
05:27:08,MsgId,1
05:32:03,MsgId,6,Data0,1,Data1,1,Data2,0,Data3,0
05:32:04,MsgId,6,Data0,1,Data1,2,Data2,0,Data3,0
05:32:04,MsgId,6,Data0,1,Data1,3,Data2,0,Data3,0
05:32:04,MsgId,6,Data0,1,Data1,4,Data2,0,Data3,0
05:32:04,MsgId,6,Data0,1,Data1,5,Data2,0,Data3,0
05:32:04,MsgId,6,Data0,2,Data1,1,Data2,0,Data3,0
05:32:05,MsgId,6,Data0,2,Data1,2,Data2,0,Data3,0
05:32:05,MsgId,6,Data0,2,Data1,3,Data2,0,Data3,0
05:32:05,MsgId,6,Data0,2,Data1,4,Data2,0,Data3,0
05:32:05,MsgId,6,Data0,2,Data1,5,Data2,0,Data3,0
05:32:05,MsgId,6,Data0,3,Data1,1,Data2,0,Data3,0
05:32:06,MsgId,6,Data0,3,Data1,2,Data2,0,Data3,0
05:32:06,MsgId,6,Data0,3,Data1,3,Data2,0,Data3,0
05:32:06,MsgId,6,Data0,3,Data1,4,Data2,0,Data3,0
05:32:06,MsgId,6,Data0,3,Data1,5,Data2,0,Data3,0
05:32:06,MsgId,6,Data0,4,Data1,1,Data2,0,Data3,0
05:32:07,MsgId,6,Data0,4,Data1,2,Data2,0,Data3,0
05:32:07,MsgId,6,Data0,4,Data1,3,Data2,0,Data3,0
05:32:07,MsgId,6,Data0,4,Data1,4,Data2,0,Data3,0
05:32:07,MsgId,6,Data0,4,Data1,5,Data2,0,Data3,0
05:32:08,MsgId,7,Data0,1,Data1,0,Data2,0
05:32:08,MsgId,7,Data0,2,Data1,0,Data2,0
05:32:08,MsgId,7,Data0,3,Data1,0,Data2,0
05:32:08,MsgId,7,Data0,4,Data1,0,Data2,0
05:32:08,MsgId,5
05:32:08,MsgId,51,Data0,0,Data1,7
05:32:08,MsgId,1
05:37:03,MsgId,6,Data0,1,Data1,1,Data2,0,Data3,0
05:37:04,MsgId,6,Data0,1,Data1,2,Data2,0,Data3,0
05:37:04,MsgId,6,Data0,1,Data1,3,Data2,0,Data3,0
05:37:04,MsgId,6,Data0,1,Data1,4,Data2,0,Data3,0
05:37:04,MsgId,6,Data0,1,Data1,5,Data2,0,Data3,0
05:37:04,MsgId,6,Data0,2,Data1,1,Data2,0,Data3,0
05:37:05,MsgId,6,Data0,2,Data1,2,Data2,0,Data3,0
05:37:05,MsgId,6,Data0,2,Data1,3,Data2,0,Data3,0
05:37:05,MsgId,6,Data0,2,Data1,4,Data2,0,Data3,0
05:37:05,MsgId,6,Data0,2,Data1,5,Data2,0,Data3,0
05:37:06,MsgId,6,Data0,3,Data1,1,Data2,0,Data3,0
05:37:06,MsgId,6,Data0,3,Data1,2,Data2,0,Data3,0
05:37:06,MsgId,6,Data0,3,Data1,3,Data2,0,Data3,0
05:37:06,MsgId,6,Data0,3,Data1,4,Data2,0,Data3,0
05:37:06,MsgId,6,Data0,3,Data1,5,Data2,0,Data3,0
05:37:07,MsgId,6,Data0,4,Data1,1,Data2,0,Data3,0
05:37:07,MsgId,6,Data0,4,Data1,2,Data2,0,Data3,0
05:37:07,MsgId,6,Data0,4,Data1,3,Data2,0,Data3,0
05:37:07,MsgId,6,Data0,4,Data1,4,Data2,0,Data3,0
05:37:07,MsgId,6,Data0,4,Data1,5,Data2,0,Data3,0
05:37:08,MsgId,7,Data0,1,Data1,0,Data2,0
05:37:08,MsgId,7,Data0,2,Data1,0,Data2,0
05:37:08,MsgId,7,Data0,3,Data1,0,Data2,0
05:37:08,MsgId,7,Data0,4,Data1,0,Data2,0
05:37:08,MsgId,5
05:37:08,MsgId,51,Data0,0,Data1,7
05:37:08,MsgId,1
05:42:03,MsgId,6,Data0,1,Data1,1,Data2,0,Data3,0
05:42:04,MsgId,6,Data0,1,Data1,2,Data2,0,Data3,0
05:42:04,MsgId,6,Data0,1,Data1,3,Data2,0,Data3,0
05:42:04,MsgId,6,Data0,1,Data1,4,Data2,0,Data3,0
05:42:04,MsgId,6,Data0,1,Data1,5,Data2,0,Data3,0
05:42:05,MsgId,6,Data0,2,Data1,1,Data2,0,Data3,0
05:42:05,MsgId,6,Data0,2,Data1,2,Data2,0,Data3,0
05:42:05,MsgId,6,Data0,2,Data1,3,Data2,0,Data3,0
05:42:05,MsgId,6,Data0,2,Data1,4,Data2,0,Data3,0
05:42:05,MsgId,6,Data0,2,Data1,5,Data2,0,Data3,0
05:42:06,MsgId,6,Data0,3,Data1,1,Data2,0,Data3,0
05:42:06,MsgId,6,Data0,3,Data1,2,Data2,0,Data3,0
05:42:06,MsgId,6,Data0,3,Data1,3,Data2,0,Data3,0
05:42:06,MsgId,6,Data0,3,Data1,4,Data2,0,Data3,0
05:42:06,MsgId,6,Data0,3,Data1,5,Data2,0,Data3,0
05:42:07,MsgId,6,Data0,4,Data1,1,Data2,0,Data3,0
05:42:07,MsgId,6,Data0,4,Data1,2,Data2,0,Data3,0
05:42:07,MsgId,6,Data0,4,Data1,3,Data2,0,Data3,0
05:42:07,MsgId,6,Data0,4,Data1,4,Data2,0,Data3,0
05:42:07,MsgId,6,Data0,4,Data1,5,Data2,0,Data3,0
05:42:08,MsgId,7,Data0,1,Data1,0,Data2,0
05:42:08,MsgId,7,Data0,2,Data1,0,Data2,0
05:42:08,MsgId,7,Data0,3,Data1,0,Data2,0
05:42:08,MsgId,7,Data0,4,Data1,0,Data2,0
05:42:08,MsgId,5
05:42:08,MsgId,51,Data0,0,Data1,7
05:42:08,MsgId,1
05:47:04,MsgId,6,Data0,1,Data1,1,Data2,0,Data3,0
05:47:04,MsgId,6,Data0,1,Data1,2,Data2,0,Data3,0
05:47:04,MsgId,6,Data0,1,Data1,3,Data2,0,Data3,0
05:47:04,MsgId,6,Data0,1,Data1,4,Data2,0,Data3,0
05:47:04,MsgId,6,Data0,1,Data1,5,Data2,0,Data3,0
05:47:05,MsgId,6,Data0,2,Data1,1,Data2,0,Data3,0
05:47:05,MsgId,6,Data0,2,Data1,2,Data2,0,Data3,0
05:47:05,MsgId,6,Data0,2,Data1,3,Data2,0,Data3,0
05:47:05,MsgId,6,Data0,2,Data1,4,Data2,0,Data3,0
05:47:05,MsgId,6,Data0,2,Data1,5,Data2,0,Data3,0
05:47:06,MsgId,6,Data0,3,Data1,1,Data2,0,Data3,0
05:47:06,MsgId,6,Data0,3,Data1,2,Data2,0,Data3,0
05:47:06,MsgId,6,Data0,3,Data1,3,Data2,0,Data3,0
05:47:06,MsgId,6,Data0,3,Data1,4,Data2,0,Data3,0
05:47:06,MsgId,6,Data0,3,Data1,5,Data2,0,Data3,0
05:47:07,MsgId,6,Data0,4,Data1,1,Data2,0,Data3,0
05:47:07,MsgId,6,Data0,4,Data1,2,Data2,0,Data3,0
05:47:07,MsgId,6,Data0,4,Data1,3,Data2,0,Data3,0
05:47:07,MsgId,6,Data0,4,Data1,4,Data2,0,Data3,0
05:47:07,MsgId,6,Data0,4,Data1,5,Data2,0,Data3,0
05:47:08,MsgId,7,Data0,1,Data1,0,Data2,0
05:47:08,MsgId,7,Data0,2,Data1,0,Data2,0
05:47:08,MsgId,7,Data0,3,Data1,0,Data2,0
05:47:08,MsgId,7,Data0,4,Data1,0,Data2,0
05:47:08,MsgId,5
05:47:08,MsgId,51,Data0,0,Data1,7
05:47:08,MsgId,1
05:52:04,MsgId,6,Data0,1,Data1,1,Data2,0,Data3,0
05:52:04,MsgId,6,Data0,1,Data1,2,Data2,0,Data3,0
05:52:04,MsgId,6,Data0,1,Data1,3,Data2,0,Data3,0
05:52:04,MsgId,6,Data0,1,Data1,4,Data2,0,Data3,0
05:52:04,MsgId,6,Data0,1,Data1,5,Data2,0,Data3,0
05:52:05,MsgId,6,Data0,2,Data1,1,Data2,0,Data3,0
05:52:05,MsgId,6,Data0,2,Data1,2,Data2,0,Data3,0
05:52:05,MsgId,6,Data0,2,Data1,3,Data2,0,Data3,0
05:52:05,MsgId,6,Data0,2,Data1,4,Data2,0,Data3,0
05:52:05,MsgId,6,Data0,2,Data1,5,Data2,0,Data3,0
05:52:06,MsgId,6,Data0,3,Data1,1,Data2,0,Data3,0
05:52:06,MsgId,6,Data0,3,Data1,2,Data2,0,Data3,0
05:52:06,MsgId,6,Data0,3,Data1,3,Data2,0,Data3,0
05:52:06,MsgId,6,Data0,3,Data1,4,Data2,0,Data3,0
05:52:06,MsgId,6,Data0,3,Data1,5,Data2,0,Data3,0
05:52:07,MsgId,6,Data0,4,Data1,1,Data2,0,Data3,0
05:52:07,MsgId,6,Data0,4,Data1,2,Data2,0,Data3,0
05:52:07,MsgId,6,Data0,4,Data1,3,Data2,0,Data3,0
05:52:07,MsgId,6,Data0,4,Data1,4,Data2,0,Data3,0
05:52:07,MsgId,6,Data0,4,Data1,5,Data2,0,Data3,0
05:52:08,MsgId,7,Data0,1,Data1,0,Data2,0
05:52:08,MsgId,7,Data0,2,Data1,0,Data2,0
05:52:08,MsgId,7,Data0,3,Data1,0,Data2,0
05:52:08,MsgId,7,Data0,4,Data1,0,Data2,0
05:52:08,MsgId,5
05:52:08,MsgId,51,Data0,0,Data1,7
05:52:08,MsgId,1
05:57:04,MsgId,6,Data0,1,Data1,1,Data2,0,Data3,0
05:57:04,MsgId,6,Data0,1,Data1,2,Data2,0,Data3,0
05:57:04,MsgId,6,Data0,1,Data1,3,Data2,0,Data3,0
05:57:04,MsgId,6,Data0,1,Data1,4,Data2,0,Data3,0
05:57:04,MsgId,6,Data0,1,Data1,5,Data2,0,Data3,0
05:57:05,MsgId,6,Data0,2,Data1,1,Data2,0,Data3,0
05:57:05,MsgId,6,Data0,2,Data1,2,Data2,0,Data3,0
05:57:05,MsgId,6,Data0,2,Data1,3,Data2,0,Data3,0
05:57:05,MsgId,6,Data0,2,Data1,4,Data2,0,Data3,0
05:57:05,MsgId,6,Data0,2,Data1,5,Data2,0,Data3,0
05:57:06,MsgId,6,Data0,3,Data1,1,Data2,0,Data3,0
05:57:06,MsgId,6,Data0,3,Data1,2,Data2,0,Data3,0
05:57:06,MsgId,6,Data0,3,Data1,3,Data2,0,Data3,0
05:57:06,MsgId,6,Data0,3,Data1,4,Data2,0,Data3,0
05:57:06,MsgId,6,Data0,3,Data1,5,Data2,0,Data3,0
05:57:07,MsgId,6,Data0,4,Data1,1,Data2,0,Data3,0
05:57:07,MsgId,6,Data0,4,Data1,2,Data2,0,Data3,0
05:57:07,MsgId,6,Data0,4,Data1,3,Data2,0,Data3,0
05:57:07,MsgId,6,Data0,4,Data1,4,Data2,0,Data3,0
05:57:07,MsgId,6,Data0,4,Data1,5,Data2,0,Data3,0
05:57:08,MsgId,7,Data0,1,Data1,0,Data2,0
05:57:08,MsgId,7,Data0,2,Data1,0,Data2,0
05:57:08,MsgId,7,Data0,3,Data1,0,Data2,0
05:57:08,MsgId,7,Data0,4,Data1,0,Data2,0
05:57:08,MsgId,5
05:57:08,MsgId,51,Data0,0,Data1,0
05:57:08,MsgId,1
06:02:04,MsgId,6,Data0,1,Data1,1,Data2,0,Data3,0
06:02:04,MsgId,6,Data0,1,Data1,2,Data2,0,Data3,0
06:02:04,MsgId,6,Data0,1,Data1,3,Data2,0,Data3,0
06:02:04,MsgId,6,Data0,1,Data1,4,Data2,0,Data3,0
06:02:04,MsgId,6,Data0,1,Data1,5,Data2,0,Data3,0
06:02:05,MsgId,6,Data0,2,Data1,1,Data2,0,Data3,0
06:02:05,MsgId,6,Data0,2,Data1,2,Data2,0,Data3,0
06:02:05,MsgId,6,Data0,2,Data1,3,Data2,0,Data3,0
06:02:05,MsgId,6,Data0,2,Data1,4,Data2,0,Data3,0
06:02:05,MsgId,6,Data0,2,Data1,5,Data2,0,Data3,0
06:02:06,MsgId,6,Data0,3,Data1,1,Data2,0,Data3,0
06:02:06,MsgId,6,Data0,3,Data1,2,Data2,0,Data3,0
06:02:06,MsgId,6,Data0,3,Data1,3,Data2,0,Data3,0
06:02:06,MsgId,6,Data0,3,Data1,4,Data2,0,Data3,0
06:02:06,MsgId,6,Data0,3,Data1,5,Data2,0,Data3,0
06:02:07,MsgId,6,Data0,4,Data1,1,Data2,0,Data3,0
06:02:07,MsgId,6,Data0,4,Data1,2,Data2,0,Data3,0
06:02:07,MsgId,6,Data0,4,Data1,3,Data2,0,Data3,0
06:02:07,MsgId,6,Data0,4,Data1,4,Data2,0,Data3,0
06:02:07,MsgId,6,Data0,4,Data1,5,Data2,0,Data3,0
06:02:08,MsgId,7,Data0,1,Data1,0,Data2,0
06:02:08,MsgId,7,Data0,2,Data1,0,Data2,0
06:02:08,MsgId,7,Data0,3,Data1,0,Data2,0
06:02:08,MsgId,7,Data0,4,Data1,0,Data2,0
06:02:08,MsgId,5
06:02:08,MsgId,51,Data0,0,Data1,11
06:02:08,MsgId,1
06:07:04,MsgId,6,Data0,1,Data1,1,Data2,0,Data3,0
06:07:04,MsgId,6,Data0,1,Data1,2,Data2,0,Data3,0
06:07:04,MsgId,6,Data0,1,Data1,3,Data2,0,Data3,0
06:07:04,MsgId,6,Data0,1,Data1,4,Data2,0,Data3,0
06:07:04,MsgId,6,Data0,1,Data1,5,Data2,0,Data3,0
06:07:05,MsgId,6,Data0,2,Data1,1,Data2,0,Data3,0
06:07:05,MsgId,6,Data0,2,Data1,2,Data2,0,Data3,0
06:07:05,MsgId,6,Data0,2,Data1,3,Data2,0,Data3,0
06:07:05,MsgId,6,Data0,2,Data1,4,Data2,0,Data3,0
06:07:05,MsgId,6,Data0,2,Data1,5,Data2,0,Data3,0
06:07:06,MsgId,6,Data0,3,Data1,1,Data2,0,Data3,0
06:07:06,MsgId,6,Data0,3,Data1,2,Data2,0,Data3,0
06:07:06,MsgId,6,Data0,3,Data1,3,Data2,0,Data3,0
06:07:06,MsgId,6,Data0,3,Data1,4,Data2,0,Data3,0
06:07:06,MsgId,6,Data0,3,Data1,5,Data2,0,Data3,0
06:07:07,MsgId,6,Data0,4,Data1,1,Data2,0,Data3,0
06:07:07,MsgId,6,Data0,4,Data1,2,Data2,0,Data3,0
06:07:07,MsgId,6,Data0,4,Data1,3,Data2,0,Data3,0
06:07:07,MsgId,6,Data0,4,Data1,4,Data2,0,Data3,0
06:07:07,MsgId,6,Data0,4,Data1,5,Data2,0,Data3,0
06:07:08,MsgId,7,Data0,1,Data1,0,Data2,0
06:07:08,MsgId,7,Data0,2,Data1,0,Data2,0
06:07:08,MsgId,7,Data0,3,Data1,0,Data2,0
06:07:08,MsgId,7,Data0,4,Data1,0,Data2,0
06:07:08,MsgId,5
06:07:08,MsgId,51,Data0,0,Data1,7
06:07:08,MsgId,1
06:12:04,MsgId,6,Data0,1,Data1,1,Data2,0,Data3,0
06:12:04,MsgId,6,Data0,1,Data1,2,Data2,0,Data3,0
06:12:04,MsgId,6,Data0,1,Data1,3,Data2,0,Data3,0
06:12:04,MsgId,6,Data0,1,Data1,4,Data2,0,Data3,0
06:12:04,MsgId,6,Data0,1,Data1,5,Data2,0,Data3,0
06:12:05,MsgId,6,Data0,2,Data1,1,Data2,0,Data3,0
06:12:05,MsgId,6,Data0,2,Data1,2,Data2,0,Data3,0
06:12:05,MsgId,6,Data0,2,Data1,3,Data2,0,Data3,0
06:12:05,MsgId,6,Data0,2,Data1,4,Data2,0,Data3,0
06:12:05,MsgId,6,Data0,2,Data1,5,Data2,0,Data3,0
06:12:06,MsgId,6,Data0,3,Data1,1,Data2,0,Data3,0
06:12:06,MsgId,6,Data0,3,Data1,2,Data2,0,Data3,0
06:12:06,MsgId,6,Data0,3,Data1,3,Data2,0,Data3,0
06:12:06,MsgId,6,Data0,3,Data1,4,Data2,0,Data3,0
06:12:06,MsgId,6,Data0,3,Data1,5,Data2,0,Data3,0
06:12:07,MsgId,6,Data0,4,Data1,1,Data2,0,Data3,0
06:12:07,MsgId,6,Data0,4,Data1,2,Data2,0,Data3,0
06:12:07,MsgId,6,Data0,4,Data1,3,Data2,0,Data3,0
06:12:07,MsgId,6,Data0,4,Data1,4,Data2,0,Data3,0
06:12:07,MsgId,6,Data0,4,Data1,5,Data2,0,Data3,0
06:12:08,MsgId,7,Data0,1,Data1,0,Data2,0
06:12:08,MsgId,7,Data0,2,Data1,0,Data2,0
06:12:08,MsgId,7,Data0,3,Data1,0,Data2,0
06:12:08,MsgId,7,Data0,4,Data1,0,Data2,0
06:12:08,MsgId,5
06:12:08,MsgId,51,Data0,0,Data1,3
06:12:08,MsgId,1
06:17:04,MsgId,6,Data0,1,Data1,1,Data2,0,Data3,0
06:17:04,MsgId,6,Data0,1,Data1,2,Data2,0,Data3,0
06:17:04,MsgId,6,Data0,1,Data1,3,Data2,0,Data3,0
06:17:04,MsgId,6,Data0,1,Data1,4,Data2,0,Data3,0
06:17:04,MsgId,6,Data0,1,Data1,5,Data2,0,Data3,0
06:17:05,MsgId,6,Data0,2,Data1,1,Data2,0,Data3,0
06:17:05,MsgId,6,Data0,2,Data1,2,Data2,0,Data3,0
06:17:05,MsgId,6,Data0,2,Data1,3,Data2,0,Data3,0
06:17:05,MsgId,6,Data0,2,Data1,4,Data2,0,Data3,0
06:17:05,MsgId,6,Data0,2,Data1,5,Data2,0,Data3,0
06:17:06,MsgId,6,Data0,3,Data1,1,Data2,0,Data3,0
06:17:06,MsgId,6,Data0,3,Data1,2,Data2,0,Data3,0
06:17:06,MsgId,6,Data0,3,Data1,3,Data2,0,Data3,0
06:17:06,MsgId,6,Data0,3,Data1,4,Data2,0,Data3,0
06:17:06,MsgId,6,Data0,3,Data1,5,Data2,0,Data3,0
06:17:07,MsgId,6,Data0,4,Data1,1,Data2,0,Data3,0
06:17:07,MsgId,6,Data0,4,Data1,2,Data2,0,Data3,0
06:17:07,MsgId,6,Data0,4,Data1,3,Data2,0,Data3,0
06:17:07,MsgId,6,Data0,4,Data1,4,Data2,0,Data3,0
06:17:07,MsgId,6,Data0,4,Data1,5,Data2,0,Data3,0
06:17:08,MsgId,7,Data0,1,Data1,0,Data2,0
06:17:08,MsgId,7,Data0,2,Data1,0,Data2,0
06:17:08,MsgId,7,Data0,3,Data1,0,Data2,0
06:17:08,MsgId,7,Data0,4,Data1,0,Data2,0
06:17:08,MsgId,5
06:17:08,MsgId,51,Data0,0,Data1,7
06:17:08,MsgId,1
06:22:04,MsgId,6,Data0,1,Data1,1,Data2,0,Data3,0
06:22:04,MsgId,6,Data0,1,Data1,2,Data2,0,Data3,0
06:22:04,MsgId,6,Data0,1,Data1,3,Data2,0,Data3,0
06:22:04,MsgId,6,Data0,1,Data1,4,Data2,0,Data3,0
06:22:04,MsgId,6,Data0,1,Data1,5,Data2,0,Data3,0
06:22:05,MsgId,6,Data0,2,Data1,1,Data2,0,Data3,0
06:22:05,MsgId,6,Data0,2,Data1,2,Data2,0,Data3,0
06:22:05,MsgId,6,Data0,2,Data1,3,Data2,0,Data3,0
06:22:05,MsgId,6,Data0,2,Data1,4,Data2,0,Data3,0
06:22:05,MsgId,6,Data0,2,Data1,5,Data2,0,Data3,0
06:22:06,MsgId,6,Data0,3,Data1,1,Data2,0,Data3,0
06:22:06,MsgId,6,Data0,3,Data1,2,Data2,0,Data3,0
06:22:06,MsgId,6,Data0,3,Data1,3,Data2,0,Data3,0
06:22:06,MsgId,6,Data0,3,Data1,4,Data2,0,Data3,0
06:22:06,MsgId,6,Data0,3,Data1,5,Data2,0,Data3,0
06:22:07,MsgId,6,Data0,4,Data1,1,Data2,0,Data3,0
06:22:07,MsgId,6,Data0,4,Data1,2,Data2,0,Data3,0
06:22:07,MsgId,6,Data0,4,Data1,3,Data2,0,Data3,0
06:22:07,MsgId,6,Data0,4,Data1,4,Data2,0,Data3,0
06:22:07,MsgId,6,Data0,4,Data1,5,Data2,0,Data3,0
06:22:08,MsgId,7,Data0,1,Data1,0,Data2,0
06:22:08,MsgId,7,Data0,2,Data1,0,Data2,0
06:22:08,MsgId,7,Data0,3,Data1,0,Data2,0
06:22:08,MsgId,7,Data0,4,Data1,0,Data2,0
06:22:08,MsgId,5
06:22:08,MsgId,51,Data0,0,Data1,3
06:22:08,MsgId,1
06:27:04,MsgId,6,Data0,1,Data1,1,Data2,0,Data3,0
06:27:04,MsgId,6,Data0,1,Data1,2,Data2,0,Data3,0
06:27:04,MsgId,6,Data0,1,Data1,3,Data2,0,Data3,0
06:27:04,MsgId,6,Data0,1,Data1,4,Data2,0,Data3,0
06:27:04,MsgId,6,Data0,1,Data1,5,Data2,0,Data3,0
06:27:05,MsgId,6,Data0,2,Data1,1,Data2,0,Data3,0
06:27:05,MsgId,6,Data0,2,Data1,2,Data2,0,Data3,0
06:27:05,MsgId,6,Data0,2,Data1,3,Data2,0,Data3,0
06:27:05,MsgId,6,Data0,2,Data1,4,Data2,0,Data3,0
06:27:05,MsgId,6,Data0,2,Data1,5,Data2,0,Data3,0
06:27:06,MsgId,6,Data0,3,Data1,1,Data2,0,Data3,0
06:27:06,MsgId,6,Data0,3,Data1,2,Data2,0,Data3,0
06:27:06,MsgId,6,Data0,3,Data1,3,Data2,0,Data3,0
06:27:06,MsgId,6,Data0,3,Data1,4,Data2,0,Data3,0
06:27:06,MsgId,6,Data0,3,Data1,5,Data2,0,Data3,0
06:27:07,MsgId,6,Data0,4,Data1,1,Data2,0,Data3,0
06:27:07,MsgId,6,Data0,4,Data1,2,Data2,0,Data3,0
06:27:07,MsgId,6,Data0,4,Data1,3,Data2,0,Data3,0
06:27:07,MsgId,6,Data0,4,Data1,4,Data2,0,Data3,0
06:27:07,MsgId,6,Data0,4,Data1,5,Data2,0,Data3,0
06:27:08,MsgId,7,Data0,1,Data1,0,Data2,0
06:27:08,MsgId,7,Data0,2,Data1,0,Data2,0
06:27:08,MsgId,7,Data0,3,Data1,0,Data2,0
06:27:08,MsgId,7,Data0,4,Data1,0,Data2,0
06:27:08,MsgId,5
06:27:08,MsgId,51,Data0,0,Data1,7
06:27:08,MsgId,1
06:32:04,MsgId,6,Data0,1,Data1,1,Data2,0,Data3,0
06:32:04,MsgId,6,Data0,1,Data1,2,Data2,0,Data3,0
06:32:04,MsgId,6,Data0,1,Data1,3,Data2,0,Data3,0
06:32:04,MsgId,6,Data0,1,Data1,4,Data2,0,Data3,0
06:32:04,MsgId,6,Data0,1,Data1,5,Data2,0,Data3,0
06:32:05,MsgId,6,Data0,2,Data1,1,Data2,0,Data3,0
06:32:05,MsgId,6,Data0,2,Data1,2,Data2,0,Data3,0
06:32:05,MsgId,6,Data0,2,Data1,3,Data2,0,Data3,0
06:32:05,MsgId,6,Data0,2,Data1,4,Data2,0,Data3,0
06:32:05,MsgId,6,Data0,2,Data1,5,Data2,0,Data3,0
06:32:06,MsgId,6,Data0,3,Data1,1,Data2,0,Data3,0
06:32:06,MsgId,6,Data0,3,Data1,2,Data2,0,Data3,0
06:32:06,MsgId,6,Data0,3,Data1,3,Data2,0,Data3,0
06:32:06,MsgId,6,Data0,3,Data1,4,Data2,0,Data3,0
06:32:06,MsgId,6,Data0,3,Data1,5,Data2,0,Data3,0
06:32:07,MsgId,6,Data0,4,Data1,1,Data2,0,Data3,0
06:32:07,MsgId,6,Data0,4,Data1,2,Data2,0,Data3,0
06:32:07,MsgId,6,Data0,4,Data1,3,Data2,0,Data3,0
06:32:07,MsgId,6,Data0,4,Data1,4,Data2,0,Data3,0
06:32:07,MsgId,6,Data0,4,Data1,5,Data2,0,Data3,0
06:32:08,MsgId,7,Data0,1,Data1,0,Data2,0
06:32:08,MsgId,7,Data0,2,Data1,0,Data2,0
06:32:08,MsgId,7,Data0,3,Data1,0,Data2,0
06:32:08,MsgId,7,Data0,4,Data1,0,Data2,0
06:32:08,MsgId,5
06:32:08,MsgId,51,Data0,0,Data1,3
06:32:08,MsgId,1
06:37:04,MsgId,6,Data0,1,Data1,1,Data2,0,Data3,0
06:37:04,MsgId,6,Data0,1,Data1,2,Data2,0,Data3,0
06:37:04,MsgId,6,Data0,1,Data1,3,Data2,0,Data3,0
06:37:04,MsgId,6,Data0,1,Data1,4,Data2,0,Data3,0
06:37:04,MsgId,6,Data0,1,Data1,5,Data2,0,Data3,0
06:37:05,MsgId,6,Data0,2,Data1,1,Data2,0,Data3,0
06:37:05,MsgId,6,Data0,2,Data1,2,Data2,0,Data3,0
06:37:05,MsgId,6,Data0,2,Data1,3,Data2,0,Data3,0
06:37:05,MsgId,6,Data0,2,Data1,4,Data2,0,Data3,0
06:37:05,MsgId,6,Data0,2,Data1,5,Data2,0,Data3,0
06:37:06,MsgId,6,Data0,3,Data1,1,Data2,0,Data3,0
06:37:06,MsgId,6,Data0,3,Data1,2,Data2,0,Data3,0
06:37:06,MsgId,6,Data0,3,Data1,3,Data2,0,Data3,0
06:37:06,MsgId,6,Data0,3,Data1,4,Data2,0,Data3,0
06:37:06,MsgId,6,Data0,3,Data1,5,Data2,0,Data3,0
06:37:07,MsgId,6,Data0,4,Data1,1,Data2,0,Data3,0
06:37:07,MsgId,6,Data0,4,Data1,2,Data2,0,Data3,0
06:37:07,MsgId,6,Data0,4,Data1,3,Data2,0,Data3,0
06:37:07,MsgId,6,Data0,4,Data1,4,Data2,0,Data3,0
06:37:07,MsgId,6,Data0,4,Data1,5,Data2,0,Data3,0
06:37:08,MsgId,7,Data0,1,Data1,0,Data2,0
06:37:08,MsgId,7,Data0,2,Data1,0,Data2,0
06:37:08,MsgId,7,Data0,3,Data1,0,Data2,0
06:37:08,MsgId,7,Data0,4,Data1,0,Data2,0
06:37:08,MsgId,5
06:37:08,MsgId,51,Data0,0,Data1,7
06:37:08,MsgId,1
06:42:04,MsgId,6,Data0,1,Data1,1,Data2,0,Data3,0
06:42:04,MsgId,6,Data0,1,Data1,2,Data2,0,Data3,0
06:42:04,MsgId,6,Data0,1,Data1,3,Data2,0,Data3,0
06:42:04,MsgId,6,Data0,1,Data1,4,Data2,0,Data3,0
06:42:04,MsgId,6,Data0,1,Data1,5,Data2,0,Data3,0
06:42:05,MsgId,6,Data0,2,Data1,1,Data2,0,Data3,0
06:42:05,MsgId,6,Data0,2,Data1,2,Data2,0,Data3,0
06:42:05,MsgId,6,Data0,2,Data1,3,Data2,0,Data3,0
06:42:05,MsgId,6,Data0,2,Data1,4,Data2,0,Data3,0
06:42:05,MsgId,6,Data0,2,Data1,5,Data2,0,Data3,0
06:42:06,MsgId,6,Data0,3,Data1,1,Data2,0,Data3,0
06:42:06,MsgId,6,Data0,3,Data1,2,Data2,0,Data3,0
06:42:06,MsgId,6,Data0,3,Data1,3,Data2,0,Data3,0
06:42:06,MsgId,6,Data0,3,Data1,4,Data2,0,Data3,0
06:42:06,MsgId,6,Data0,3,Data1,5,Data2,0,Data3,0
06:42:07,MsgId,6,Data0,4,Data1,1,Data2,0,Data3,0
06:42:07,MsgId,6,Data0,4,Data1,2,Data2,0,Data3,0
06:42:07,MsgId,6,Data0,4,Data1,3,Data2,0,Data3,0
06:42:07,MsgId,6,Data0,4,Data1,4,Data2,0,Data3,0
06:42:07,MsgId,6,Data0,4,Data1,5,Data2,0,Data3,0
06:42:08,MsgId,7,Data0,1,Data1,0,Data2,0
06:42:08,MsgId,7,Data0,2,Data1,0,Data2,0
06:42:08,MsgId,7,Data0,3,Data1,0,Data2,0
06:42:08,MsgId,7,Data0,4,Data1,0,Data2,0
06:42:08,MsgId,5
06:42:08,MsgId,51,Data0,0,Data1,7
06:42:08,MsgId,1
06:47:04,MsgId,6,Data0,1,Data1,1,Data2,0,Data3,0
06:47:04,MsgId,6,Data0,1,Data1,2,Data2,0,Data3,0
06:47:04,MsgId,6,Data0,1,Data1,3,Data2,0,Data3,0
06:47:04,MsgId,6,Data0,1,Data1,4,Data2,0,Data3,0
06:47:04,MsgId,6,Data0,1,Data1,5,Data2,0,Data3,0
06:47:05,MsgId,6,Data0,2,Data1,1,Data2,0,Data3,0
06:47:05,MsgId,6,Data0,2,Data1,2,Data2,0,Data3,0
06:47:05,MsgId,6,Data0,2,Data1,3,Data2,0,Data3,0
06:47:05,MsgId,6,Data0,2,Data1,4,Data2,0,Data3,0
06:47:05,MsgId,6,Data0,2,Data1,5,Data2,0,Data3,0
06:47:06,MsgId,6,Data0,3,Data1,1,Data2,0,Data3,0
06:47:06,MsgId,6,Data0,3,Data1,2,Data2,0,Data3,0
06:47:06,MsgId,6,Data0,3,Data1,3,Data2,0,Data3,0
06:47:06,MsgId,6,Data0,3,Data1,4,Data2,0,Data3,0
06:47:06,MsgId,6,Data0,3,Data1,5,Data2,0,Data3,0
06:47:07,MsgId,6,Data0,4,Data1,1,Data2,0,Data3,0
06:47:07,MsgId,6,Data0,4,Data1,2,Data2,0,Data3,0
06:47:07,MsgId,6,Data0,4,Data1,3,Data2,0,Data3,0
06:47:07,MsgId,6,Data0,4,Data1,4,Data2,0,Data3,0
06:47:08,MsgId,6,Data0,4,Data1,5,Data2,0,Data3,0
06:47:08,MsgId,7,Data0,1,Data1,0,Data2,0
06:47:08,MsgId,7,Data0,2,Data1,0,Data2,0
06:47:08,MsgId,7,Data0,3,Data1,0,Data2,0
06:47:08,MsgId,7,Data0,4,Data1,0,Data2,0
06:47:08,MsgId,5
06:47:08,MsgId,51,Data0,0,Data1,3
06:47:08,MsgId,1
06:52:04,MsgId,6,Data0,1,Data1,1,Data2,0,Data3,0
06:52:04,MsgId,6,Data0,1,Data1,2,Data2,0,Data3,0
06:52:04,MsgId,6,Data0,1,Data1,3,Data2,0,Data3,0
06:52:04,MsgId,6,Data0,1,Data1,4,Data2,0,Data3,0
06:52:04,MsgId,6,Data0,1,Data1,5,Data2,0,Data3,0
06:52:05,MsgId,6,Data0,2,Data1,1,Data2,0,Data3,0
06:52:05,MsgId,6,Data0,2,Data1,2,Data2,0,Data3,0
06:52:05,MsgId,6,Data0,2,Data1,3,Data2,0,Data3,0
06:52:05,MsgId,6,Data0,2,Data1,4,Data2,0,Data3,0
06:52:05,MsgId,6,Data0,2,Data1,5,Data2,0,Data3,0
06:52:06,MsgId,6,Data0,3,Data1,1,Data2,0,Data3,0
06:52:06,MsgId,6,Data0,3,Data1,2,Data2,0,Data3,0
06:52:06,MsgId,6,Data0,3,Data1,3,Data2,0,Data3,0
06:52:06,MsgId,6,Data0,3,Data1,4,Data2,0,Data3,0
06:52:07,MsgId,6,Data0,3,Data1,5,Data2,0,Data3,0
06:52:07,MsgId,6,Data0,4,Data1,1,Data2,0,Data3,0
06:52:07,MsgId,6,Data0,4,Data1,2,Data2,0,Data3,0
06:52:07,MsgId,6,Data0,4,Data1,3,Data2,0,Data3,0
06:52:07,MsgId,6,Data0,4,Data1,4,Data2,0,Data3,0
06:52:08,MsgId,6,Data0,4,Data1,5,Data2,0,Data3,0
06:52:08,MsgId,7,Data0,1,Data1,0,Data2,0
06:52:08,MsgId,7,Data0,2,Data1,0,Data2,0
06:52:08,MsgId,7,Data0,3,Data1,0,Data2,0
06:52:08,MsgId,7,Data0,4,Data1,0,Data2,0
06:52:08,MsgId,5
06:52:08,MsgId,51,Data0,0,Data1,7
06:52:08,MsgId,1
06:57:04,MsgId,6,Data0,1,Data1,1,Data2,0,Data3,0
06:57:04,MsgId,6,Data0,1,Data1,2,Data2,0,Data3,0
06:57:04,MsgId,6,Data0,1,Data1,3,Data2,0,Data3,0
06:57:04,MsgId,6,Data0,1,Data1,4,Data2,0,Data3,0
06:57:05,MsgId,6,Data0,1,Data1,5,Data2,0,Data3,0
06:57:05,MsgId,6,Data0,2,Data1,1,Data2,0,Data3,0
06:57:05,MsgId,6,Data0,2,Data1,2,Data2,0,Data3,0
06:57:05,MsgId,6,Data0,2,Data1,3,Data2,0,Data3,0
06:57:05,MsgId,6,Data0,2,Data1,4,Data2,0,Data3,0
06:57:06,MsgId,6,Data0,2,Data1,5,Data2,0,Data3,0
06:57:06,MsgId,6,Data0,3,Data1,1,Data2,0,Data3,0
06:57:06,MsgId,6,Data0,3,Data1,2,Data2,0,Data3,0
06:57:06,MsgId,6,Data0,3,Data1,3,Data2,0,Data3,0
06:57:06,MsgId,6,Data0,3,Data1,4,Data2,0,Data3,0
06:57:07,MsgId,6,Data0,3,Data1,5,Data2,0,Data3,0
06:57:07,MsgId,6,Data0,4,Data1,1,Data2,0,Data3,0
06:57:07,MsgId,6,Data0,4,Data1,2,Data2,0,Data3,0
06:57:07,MsgId,6,Data0,4,Data1,3,Data2,0,Data3,0
06:57:07,MsgId,6,Data0,4,Data1,4,Data2,0,Data3,0
06:57:08,MsgId,6,Data0,4,Data1,5,Data2,0,Data3,0
06:57:08,MsgId,7,Data0,1,Data1,0,Data2,0
06:57:08,MsgId,7,Data0,2,Data1,0,Data2,0
06:57:08,MsgId,7,Data0,3,Data1,0,Data2,0
06:57:08,MsgId,7,Data0,4,Data1,0,Data2,0
06:57:08,MsgId,5
06:57:08,MsgId,51,Data0,0,Data1,3
06:57:08,MsgId,1
07:02:04,MsgId,6,Data0,1,Data1,1,Data2,0,Data3,0
07:02:04,MsgId,6,Data0,1,Data1,2,Data2,0,Data3,0
07:02:04,MsgId,6,Data0,1,Data1,3,Data2,0,Data3,0
07:02:04,MsgId,6,Data0,1,Data1,4,Data2,0,Data3,0
07:02:05,MsgId,6,Data0,1,Data1,5,Data2,0,Data3,0
07:02:05,MsgId,6,Data0,2,Data1,1,Data2,0,Data3,0
07:02:05,MsgId,6,Data0,2,Data1,2,Data2,0,Data3,0
07:02:05,MsgId,6,Data0,2,Data1,3,Data2,0,Data3,0
07:02:05,MsgId,6,Data0,2,Data1,4,Data2,0,Data3,0
07:02:06,MsgId,6,Data0,2,Data1,5,Data2,0,Data3,0
07:02:06,MsgId,6,Data0,3,Data1,1,Data2,0,Data3,0
07:02:06,MsgId,6,Data0,3,Data1,2,Data2,0,Data3,0
07:02:06,MsgId,6,Data0,3,Data1,3,Data2,0,Data3,0
07:02:06,MsgId,6,Data0,3,Data1,4,Data2,0,Data3,0
07:02:07,MsgId,6,Data0,3,Data1,5,Data2,0,Data3,0
07:02:07,MsgId,6,Data0,4,Data1,1,Data2,0,Data3,0
07:02:07,MsgId,6,Data0,4,Data1,2,Data2,0,Data3,0
07:02:07,MsgId,6,Data0,4,Data1,3,Data2,0,Data3,0
07:02:07,MsgId,6,Data0,4,Data1,4,Data2,0,Data3,0
07:02:08,MsgId,6,Data0,4,Data1,5,Data2,0,Data3,0
07:02:08,MsgId,7,Data0,1,Data1,0,Data2,0
07:02:08,MsgId,7,Data0,2,Data1,0,Data2,0
07:02:08,MsgId,7,Data0,3,Data1,0,Data2,0
07:02:08,MsgId,7,Data0,4,Data1,0,Data2,0
07:02:08,MsgId,5
07:02:08,MsgId,51,Data0,0,Data1,3
07:02:08,MsgId,1
07:07:04,MsgId,6,Data0,1,Data1,1,Data2,0,Data3,0
07:07:04,MsgId,6,Data0,1,Data1,2,Data2,0,Data3,0
07:07:04,MsgId,6,Data0,1,Data1,3,Data2,0,Data3,0
07:07:04,MsgId,6,Data0,1,Data1,4,Data2,0,Data3,0
07:07:05,MsgId,6,Data0,1,Data1,5,Data2,0,Data3,0
07:07:05,MsgId,6,Data0,2,Data1,1,Data2,0,Data3,0
07:07:05,MsgId,6,Data0,2,Data1,2,Data2,0,Data3,0
07:07:05,MsgId,6,Data0,2,Data1,3,Data2,0,Data3,0
07:07:05,MsgId,6,Data0,2,Data1,4,Data2,0,Data3,0
07:07:06,MsgId,6,Data0,2,Data1,5,Data2,0,Data3,0
07:07:06,MsgId,6,Data0,3,Data1,1,Data2,0,Data3,0
07:07:06,MsgId,6,Data0,3,Data1,2,Data2,0,Data3,0
07:07:06,MsgId,6,Data0,3,Data1,3,Data2,0,Data3,0
07:07:06,MsgId,6,Data0,3,Data1,4,Data2,0,Data3,0
07:07:07,MsgId,6,Data0,3,Data1,5,Data2,0,Data3,0
07:07:07,MsgId,6,Data0,4,Data1,1,Data2,0,Data3,0
07:07:07,MsgId,6,Data0,4,Data1,2,Data2,0,Data3,0
07:07:07,MsgId,6,Data0,4,Data1,3,Data2,0,Data3,0
07:07:07,MsgId,6,Data0,4,Data1,4,Data2,0,Data3,0
07:07:08,MsgId,6,Data0,4,Data1,5,Data2,0,Data3,0
07:07:08,MsgId,7,Data0,1,Data1,0,Data2,0
07:07:08,MsgId,7,Data0,2,Data1,0,Data2,0
07:07:08,MsgId,7,Data0,3,Data1,0,Data2,0
07:07:08,MsgId,7,Data0,4,Data1,0,Data2,0
07:07:08,MsgId,5
07:07:08,MsgId,51,Data0,0,Data1,7
07:07:08,MsgId,1
07:12:04,MsgId,6,Data0,1,Data1,1,Data2,0,Data3,0
07:12:04,MsgId,6,Data0,1,Data1,2,Data2,0,Data3,0
07:12:04,MsgId,6,Data0,1,Data1,3,Data2,0,Data3,0
07:12:04,MsgId,6,Data0,1,Data1,4,Data2,0,Data3,0
07:12:05,MsgId,6,Data0,1,Data1,5,Data2,0,Data3,0
07:12:05,MsgId,6,Data0,2,Data1,1,Data2,0,Data3,0
07:12:05,MsgId,6,Data0,2,Data1,2,Data2,0,Data3,0
07:12:05,MsgId,6,Data0,2,Data1,3,Data2,0,Data3,0
07:12:05,MsgId,6,Data0,2,Data1,4,Data2,0,Data3,0
07:12:06,MsgId,6,Data0,2,Data1,5,Data2,0,Data3,0
07:12:06,MsgId,6,Data0,3,Data1,1,Data2,0,Data3,0
07:12:06,MsgId,6,Data0,3,Data1,2,Data2,0,Data3,0
07:12:06,MsgId,6,Data0,3,Data1,3,Data2,0,Data3,0
07:12:06,MsgId,6,Data0,3,Data1,4,Data2,0,Data3,0
07:12:07,MsgId,6,Data0,3,Data1,5,Data2,0,Data3,0
07:12:07,MsgId,6,Data0,4,Data1,1,Data2,0,Data3,0
07:12:07,MsgId,6,Data0,4,Data1,2,Data2,0,Data3,0
07:12:07,MsgId,6,Data0,4,Data1,3,Data2,0,Data3,0
07:12:07,MsgId,6,Data0,4,Data1,4,Data2,0,Data3,0
07:12:08,MsgId,6,Data0,4,Data1,5,Data2,0,Data3,0
07:12:08,MsgId,7,Data0,1,Data1,0,Data2,0
07:12:08,MsgId,7,Data0,2,Data1,0,Data2,0
07:12:08,MsgId,7,Data0,3,Data1,0,Data2,0
07:12:08,MsgId,7,Data0,4,Data1,0,Data2,0
07:12:08,MsgId,5
07:12:08,MsgId,51,Data0,0,Data1,3
07:12:08,MsgId,1
07:17:04,MsgId,6,Data0,1,Data1,1,Data2,0,Data3,0
07:17:04,MsgId,6,Data0,1,Data1,2,Data2,0,Data3,0
07:17:04,MsgId,6,Data0,1,Data1,3,Data2,0,Data3,0
07:17:04,MsgId,6,Data0,1,Data1,4,Data2,0,Data3,0
07:17:05,MsgId,6,Data0,1,Data1,5,Data2,0,Data3,0
07:17:05,MsgId,6,Data0,2,Data1,1,Data2,0,Data3,0
07:17:05,MsgId,6,Data0,2,Data1,2,Data2,0,Data3,0
07:17:05,MsgId,6,Data0,2,Data1,3,Data2,0,Data3,0
07:17:05,MsgId,6,Data0,2,Data1,4,Data2,0,Data3,0
07:17:06,MsgId,6,Data0,2,Data1,5,Data2,0,Data3,0
07:17:06,MsgId,6,Data0,3,Data1,1,Data2,0,Data3,0
07:17:06,MsgId,6,Data0,3,Data1,2,Data2,0,Data3,0
07:17:06,MsgId,6,Data0,3,Data1,3,Data2,0,Data3,0
07:17:06,MsgId,6,Data0,3,Data1,4,Data2,0,Data3,0
07:17:07,MsgId,6,Data0,3,Data1,5,Data2,0,Data3,0
07:17:07,MsgId,6,Data0,4,Data1,1,Data2,0,Data3,0
07:17:07,MsgId,6,Data0,4,Data1,2,Data2,0,Data3,0
07:17:07,MsgId,6,Data0,4,Data1,3,Data2,0,Data3,0
07:17:07,MsgId,6,Data0,4,Data1,4,Data2,0,Data3,0
07:17:08,MsgId,6,Data0,4,Data1,5,Data2,0,Data3,0
07:17:08,MsgId,7,Data0,1,Data1,0,Data2,0
07:17:08,MsgId,7,Data0,2,Data1,0,Data2,0
07:17:08,MsgId,7,Data0,3,Data1,0,Data2,0
07:17:08,MsgId,7,Data0,4,Data1,0,Data2,0
07:17:08,MsgId,5
07:17:08,MsgId,51,Data0,0,Data1,7
07:17:08,MsgId,1
07:22:04,MsgId,6,Data0,1,Data1,1,Data2,0,Data3,0
07:22:04,MsgId,6,Data0,1,Data1,2,Data2,0,Data3,0
07:22:04,MsgId,6,Data0,1,Data1,3,Data2,0,Data3,0
07:22:04,MsgId,6,Data0,1,Data1,4,Data2,0,Data3,0
07:22:05,MsgId,6,Data0,1,Data1,5,Data2,0,Data3,0
07:22:05,MsgId,6,Data0,2,Data1,1,Data2,0,Data3,0
07:22:05,MsgId,6,Data0,2,Data1,2,Data2,0,Data3,0
07:22:05,MsgId,6,Data0,2,Data1,3,Data2,0,Data3,0
07:22:05,MsgId,6,Data0,2,Data1,4,Data2,0,Data3,0
07:22:06,MsgId,6,Data0,2,Data1,5,Data2,0,Data3,0
07:22:06,MsgId,6,Data0,3,Data1,1,Data2,0,Data3,0
07:22:06,MsgId,6,Data0,3,Data1,2,Data2,0,Data3,0
07:22:06,MsgId,6,Data0,3,Data1,3,Data2,0,Data3,0
07:22:06,MsgId,6,Data0,3,Data1,4,Data2,0,Data3,0
07:22:07,MsgId,6,Data0,3,Data1,5,Data2,0,Data3,0
07:22:07,MsgId,6,Data0,4,Data1,1,Data2,0,Data3,0
07:22:07,MsgId,6,Data0,4,Data1,2,Data2,0,Data3,0
07:22:07,MsgId,6,Data0,4,Data1,3,Data2,0,Data3,0
07:22:07,MsgId,6,Data0,4,Data1,4,Data2,0,Data3,0
07:22:08,MsgId,6,Data0,4,Data1,5,Data2,0,Data3,0
07:22:08,MsgId,7,Data0,1,Data1,0,Data2,0
07:22:08,MsgId,7,Data0,2,Data1,0,Data2,0
07:22:08,MsgId,7,Data0,3,Data1,0,Data2,0
07:22:08,MsgId,7,Data0,4,Data1,0,Data2,0
07:22:08,MsgId,5
07:22:08,MsgId,51,Data0,0,Data1,3
07:22:08,MsgId,1
07:27:04,MsgId,6,Data0,1,Data1,1,Data2,0,Data3,0
07:27:04,MsgId,6,Data0,1,Data1,2,Data2,0,Data3,0
07:27:04,MsgId,6,Data0,1,Data1,3,Data2,0,Data3,0
07:27:04,MsgId,6,Data0,1,Data1,4,Data2,0,Data3,0
07:27:05,MsgId,6,Data0,1,Data1,5,Data2,0,Data3,0
07:27:05,MsgId,6,Data0,2,Data1,1,Data2,0,Data3,0
07:27:05,MsgId,6,Data0,2,Data1,2,Data2,0,Data3,0
07:27:05,MsgId,6,Data0,2,Data1,3,Data2,0,Data3,0
07:27:05,MsgId,6,Data0,2,Data1,4,Data2,0,Data3,0
07:27:06,MsgId,6,Data0,2,Data1,5,Data2,0,Data3,0
07:27:06,MsgId,6,Data0,3,Data1,1,Data2,0,Data3,0
07:27:06,MsgId,6,Data0,3,Data1,2,Data2,0,Data3,0
07:27:06,MsgId,6,Data0,3,Data1,3,Data2,0,Data3,0
07:27:06,MsgId,6,Data0,3,Data1,4,Data2,0,Data3,0
07:27:07,MsgId,6,Data0,3,Data1,5,Data2,0,Data3,0
07:27:07,MsgId,6,Data0,4,Data1,1,Data2,0,Data3,0
07:27:07,MsgId,6,Data0,4,Data1,2,Data2,0,Data3,0
07:27:07,MsgId,6,Data0,4,Data1,3,Data2,0,Data3,0
07:27:07,MsgId,6,Data0,4,Data1,4,Data2,0,Data3,0
07:27:08,MsgId,6,Data0,4,Data1,5,Data2,0,Data3,0
07:27:08,MsgId,7,Data0,1,Data1,0,Data2,0
07:27:08,MsgId,7,Data0,2,Data1,0,Data2,0
07:27:08,MsgId,7,Data0,3,Data1,0,Data2,0
07:27:08,MsgId,7,Data0,4,Data1,0,Data2,0
07:27:08,MsgId,5
07:27:08,MsgId,51,Data0,0,Data1,0
07:27:09,MsgId,1
07:32:04,MsgId,6,Data0,1,Data1,1,Data2,0,Data3,0
07:32:04,MsgId,6,Data0,1,Data1,2,Data2,0,Data3,0
07:32:04,MsgId,6,Data0,1,Data1,3,Data2,0,Data3,0
07:32:04,MsgId,6,Data0,1,Data1,4,Data2,0,Data3,0
07:32:05,MsgId,6,Data0,1,Data1,5,Data2,0,Data3,0
07:32:05,MsgId,6,Data0,2,Data1,1,Data2,0,Data3,0
07:32:05,MsgId,6,Data0,2,Data1,2,Data2,0,Data3,0
07:32:05,MsgId,6,Data0,2,Data1,3,Data2,0,Data3,0
07:32:05,MsgId,6,Data0,2,Data1,4,Data2,0,Data3,0
07:32:06,MsgId,6,Data0,2,Data1,5,Data2,0,Data3,0
07:32:06,MsgId,6,Data0,3,Data1,1,Data2,0,Data3,0
07:32:06,MsgId,6,Data0,3,Data1,2,Data2,0,Data3,0
07:32:06,MsgId,6,Data0,3,Data1,3,Data2,0,Data3,0
07:32:06,MsgId,6,Data0,3,Data1,4,Data2,0,Data3,0
07:32:07,MsgId,6,Data0,3,Data1,5,Data2,0,Data3,0
07:32:07,MsgId,6,Data0,4,Data1,1,Data2,0,Data3,0
07:32:07,MsgId,6,Data0,4,Data1,2,Data2,0,Data3,0
07:32:07,MsgId,6,Data0,4,Data1,3,Data2,0,Data3,0
07:32:07,MsgId,6,Data0,4,Data1,4,Data2,0,Data3,0
07:32:08,MsgId,6,Data0,4,Data1,5,Data2,0,Data3,0
07:32:08,MsgId,7,Data0,1,Data1,0,Data2,0
07:32:08,MsgId,7,Data0,2,Data1,0,Data2,0
07:32:08,MsgId,7,Data0,3,Data1,0,Data2,0
07:32:08,MsgId,7,Data0,4,Data1,0,Data2,0
07:32:08,MsgId,5
07:32:08,MsgId,51,Data0,0,Data1,3
07:32:09,MsgId,1
07:37:04,MsgId,6,Data0,1,Data1,1,Data2,0,Data3,0
07:37:04,MsgId,6,Data0,1,Data1,2,Data2,0,Data3,0
07:37:04,MsgId,6,Data0,1,Data1,3,Data2,0,Data3,0
07:37:04,MsgId,6,Data0,1,Data1,4,Data2,0,Data3,0
07:37:05,MsgId,6,Data0,1,Data1,5,Data2,0,Data3,0
07:37:05,MsgId,6,Data0,2,Data1,1,Data2,0,Data3,0
07:37:05,MsgId,6,Data0,2,Data1,2,Data2,0,Data3,0
07:37:05,MsgId,6,Data0,2,Data1,3,Data2,0,Data3,0
07:37:05,MsgId,6,Data0,2,Data1,4,Data2,0,Data3,0
07:37:06,MsgId,6,Data0,2,Data1,5,Data2,0,Data3,0
07:37:06,MsgId,6,Data0,3,Data1,1,Data2,0,Data3,0
07:37:06,MsgId,6,Data0,3,Data1,2,Data2,0,Data3,0
07:37:06,MsgId,6,Data0,3,Data1,3,Data2,0,Data3,0
07:37:06,MsgId,6,Data0,3,Data1,4,Data2,0,Data3,0
07:37:07,MsgId,6,Data0,3,Data1,5,Data2,0,Data3,0
07:37:07,MsgId,6,Data0,4,Data1,1,Data2,0,Data3,0
07:37:07,MsgId,6,Data0,4,Data1,2,Data2,0,Data3,0
07:37:07,MsgId,6,Data0,4,Data1,3,Data2,0,Data3,0
07:37:07,MsgId,6,Data0,4,Data1,4,Data2,0,Data3,0
07:37:08,MsgId,6,Data0,4,Data1,5,Data2,0,Data3,0
07:37:08,MsgId,7,Data0,1,Data1,0,Data2,0
07:37:08,MsgId,7,Data0,2,Data1,0,Data2,0
07:37:08,MsgId,7,Data0,3,Data1,0,Data2,0
07:37:08,MsgId,7,Data0,4,Data1,0,Data2,0
07:37:08,MsgId,5
07:37:08,MsgId,51,Data0,0,Data1,3
07:37:09,MsgId,1
07:42:04,MsgId,6,Data0,1,Data1,1,Data2,0,Data3,0
07:42:04,MsgId,6,Data0,1,Data1,2,Data2,0,Data3,0
07:42:04,MsgId,6,Data0,1,Data1,3,Data2,0,Data3,0
07:42:04,MsgId,6,Data0,1,Data1,4,Data2,0,Data3,0
07:42:05,MsgId,6,Data0,1,Data1,5,Data2,0,Data3,0
07:42:05,MsgId,6,Data0,2,Data1,1,Data2,0,Data3,0
07:42:05,MsgId,6,Data0,2,Data1,2,Data2,0,Data3,0
07:42:05,MsgId,6,Data0,2,Data1,3,Data2,0,Data3,0
07:42:05,MsgId,6,Data0,2,Data1,4,Data2,0,Data3,0
07:42:06,MsgId,6,Data0,2,Data1,5,Data2,0,Data3,0
07:42:06,MsgId,6,Data0,3,Data1,1,Data2,0,Data3,0
07:42:06,MsgId,6,Data0,3,Data1,2,Data2,0,Data3,0
07:42:06,MsgId,6,Data0,3,Data1,3,Data2,0,Data3,0
07:42:06,MsgId,6,Data0,3,Data1,4,Data2,0,Data3,0
07:42:07,MsgId,6,Data0,3,Data1,5,Data2,0,Data3,0
07:42:07,MsgId,6,Data0,4,Data1,1,Data2,0,Data3,0
07:42:07,MsgId,6,Data0,4,Data1,2,Data2,0,Data3,0
07:42:07,MsgId,6,Data0,4,Data1,3,Data2,0,Data3,0
07:42:07,MsgId,6,Data0,4,Data1,4,Data2,0,Data3,0
07:42:08,MsgId,6,Data0,4,Data1,5,Data2,0,Data3,0
07:42:08,MsgId,7,Data0,1,Data1,0,Data2,0
07:42:08,MsgId,7,Data0,2,Data1,0,Data2,0
07:42:08,MsgId,7,Data0,3,Data1,0,Data2,0
07:42:08,MsgId,7,Data0,4,Data1,0,Data2,0
07:42:08,MsgId,5
07:42:09,MsgId,51,Data0,0,Data1,7
07:42:09,MsgId,1
07:47:04,MsgId,6,Data0,1,Data1,1,Data2,0,Data3,0
07:47:04,MsgId,6,Data0,1,Data1,2,Data2,0,Data3,0
07:47:04,MsgId,6,Data0,1,Data1,3,Data2,0,Data3,0
07:47:04,MsgId,6,Data0,1,Data1,4,Data2,0,Data3,0
07:47:05,MsgId,6,Data0,1,Data1,5,Data2,0,Data3,0
07:47:05,MsgId,6,Data0,2,Data1,1,Data2,0,Data3,0
07:47:05,MsgId,6,Data0,2,Data1,2,Data2,0,Data3,0
07:47:05,MsgId,6,Data0,2,Data1,3,Data2,0,Data3,0
07:47:05,MsgId,6,Data0,2,Data1,4,Data2,0,Data3,0
07:47:06,MsgId,6,Data0,2,Data1,5,Data2,0,Data3,0
07:47:06,MsgId,6,Data0,3,Data1,1,Data2,0,Data3,0
07:47:06,MsgId,6,Data0,3,Data1,2,Data2,0,Data3,0
07:47:06,MsgId,6,Data0,3,Data1,3,Data2,0,Data3,0
07:47:06,MsgId,6,Data0,3,Data1,4,Data2,0,Data3,0
07:47:07,MsgId,6,Data0,3,Data1,5,Data2,0,Data3,0
07:47:07,MsgId,6,Data0,4,Data1,1,Data2,0,Data3,0
07:47:07,MsgId,6,Data0,4,Data1,2,Data2,0,Data3,0
07:47:07,MsgId,6,Data0,4,Data1,3,Data2,0,Data3,0
07:47:07,MsgId,6,Data0,4,Data1,4,Data2,0,Data3,0
07:47:08,MsgId,6,Data0,4,Data1,5,Data2,0,Data3,0
07:47:08,MsgId,7,Data0,1,Data1,0,Data2,0
07:47:08,MsgId,7,Data0,2,Data1,0,Data2,0
07:47:08,MsgId,7,Data0,3,Data1,0,Data2,0
07:47:08,MsgId,7,Data0,4,Data1,0,Data2,0
07:47:09,MsgId,5
07:47:09,MsgId,51,Data0,0,Data1,3
07:47:09,MsgId,1
07:52:04,MsgId,6,Data0,1,Data1,1,Data2,0,Data3,0
07:52:04,MsgId,6,Data0,1,Data1,2,Data2,0,Data3,0
07:52:04,MsgId,6,Data0,1,Data1,3,Data2,0,Data3,0
07:52:04,MsgId,6,Data0,1,Data1,4,Data2,0,Data3,0
07:52:05,MsgId,6,Data0,1,Data1,5,Data2,1,Data3,200
07:52:05,MsgId,6,Data0,2,Data1,1,Data2,0,Data3,0
07:52:05,MsgId,6,Data0,2,Data1,2,Data2,0,Data3,0
07:52:05,MsgId,6,Data0,2,Data1,3,Data2,0,Data3,0
07:52:05,MsgId,6,Data0,2,Data1,4,Data2,0,Data3,100
07:52:06,MsgId,6,Data0,2,Data1,5,Data2,1,Data3,200
07:52:06,MsgId,6,Data0,3,Data1,1,Data2,0,Data3,0
07:52:06,MsgId,6,Data0,3,Data1,2,Data2,0,Data3,0
07:52:06,MsgId,6,Data0,3,Data1,3,Data2,0,Data3,0
07:52:06,MsgId,6,Data0,3,Data1,4,Data2,0,Data3,0
07:52:07,MsgId,6,Data0,3,Data1,5,Data2,1,Data3,200
07:52:07,MsgId,6,Data0,4,Data1,1,Data2,0,Data3,0
07:52:07,MsgId,6,Data0,4,Data1,2,Data2,0,Data3,0
07:52:07,MsgId,6,Data0,4,Data1,3,Data2,0,Data3,0
07:52:07,MsgId,6,Data0,4,Data1,4,Data2,0,Data3,0
07:52:08,MsgId,6,Data0,4,Data1,5,Data2,1,Data3,200
07:52:08,MsgId,7,Data0,1,Data1,0,Data2,0
07:52:08,MsgId,7,Data0,2,Data1,0,Data2,0
07:52:08,MsgId,7,Data0,3,Data1,0,Data2,0
07:52:09,MsgId,7,Data0,4,Data1,0,Data2,0
07:52:09,MsgId,5
07:52:09,MsgId,51,Data0,0,Data1,3
07:52:09,MsgId,1
07:57:04,MsgId,6,Data0,1,Data1,1,Data2,0,Data3,0
07:57:04,MsgId,6,Data0,1,Data1,2,Data2,0,Data3,0
07:57:04,MsgId,6,Data0,1,Data1,3,Data2,1,Data3,44
07:57:04,MsgId,6,Data0,1,Data1,4,Data2,2,Data3,88
07:57:05,MsgId,6,Data0,1,Data1,5,Data2,4,Data3,232
07:57:05,MsgId,6,Data0,2,Data1,1,Data2,0,Data3,0
07:57:05,MsgId,6,Data0,2,Data1,2,Data2,0,Data3,0
07:57:05,MsgId,6,Data0,2,Data1,3,Data2,1,Data3,44
07:57:05,MsgId,6,Data0,2,Data1,4,Data2,2,Data3,188
07:57:06,MsgId,6,Data0,2,Data1,5,Data2,4,Data3,232
07:57:06,MsgId,6,Data0,3,Data1,1,Data2,0,Data3,0
07:57:06,MsgId,6,Data0,3,Data1,2,Data2,0,Data3,100
07:57:06,MsgId,6,Data0,3,Data1,3,Data2,1,Data3,200
07:57:07,MsgId,6,Data0,3,Data1,4,Data2,2,Data3,88
07:57:07,MsgId,6,Data0,3,Data1,5,Data2,4,Data3,232
07:57:07,MsgId,6,Data0,4,Data1,1,Data2,0,Data3,0
07:57:07,MsgId,6,Data0,4,Data1,2,Data2,0,Data3,0
07:57:07,MsgId,6,Data0,4,Data1,3,Data2,0,Data3,100
07:57:08,MsgId,6,Data0,4,Data1,4,Data2,2,Data3,244
07:57:08,MsgId,6,Data0,4,Data1,5,Data2,4,Data3,232
07:57:08,MsgId,7,Data0,1,Data1,0,Data2,0
07:57:08,MsgId,7,Data0,2,Data1,0,Data2,0
07:57:08,MsgId,7,Data0,3,Data1,0,Data2,0
07:57:09,MsgId,7,Data0,4,Data1,0,Data2,0
07:57:09,MsgId,5
07:57:09,MsgId,51,Data0,0,Data1,3
07:57:09,MsgId,1
08:02:04,MsgId,6,Data0,1,Data1,1,Data2,0,Data3,100
08:02:04,MsgId,6,Data0,1,Data1,2,Data2,2,Data3,188
08:02:04,MsgId,6,Data0,1,Data1,3,Data2,5,Data3,20
08:02:05,MsgId,6,Data0,1,Data1,4,Data2,7,Data3,108
08:02:05,MsgId,6,Data0,1,Data1,5,Data2,10,Data3,40
08:02:05,MsgId,6,Data0,2,Data1,1,Data2,0,Data3,100
08:02:05,MsgId,6,Data0,2,Data1,2,Data2,2,Data3,88
08:02:05,MsgId,6,Data0,2,Data1,3,Data2,5,Data3,20
08:02:06,MsgId,6,Data0,2,Data1,4,Data2,7,Data3,208
08:02:06,MsgId,6,Data0,2,Data1,5,Data2,10,Data3,40
08:02:06,MsgId,6,Data0,3,Data1,1,Data2,1,Data3,44
08:02:06,MsgId,6,Data0,3,Data1,2,Data2,3,Data3,32
08:02:06,MsgId,6,Data0,3,Data1,3,Data2,5,Data3,176
08:02:07,MsgId,6,Data0,3,Data1,4,Data2,7,Data3,8
08:02:07,MsgId,6,Data0,3,Data1,5,Data2,10,Data3,40
08:02:07,MsgId,6,Data0,4,Data1,1,Data2,0,Data3,0
08:02:07,MsgId,6,Data0,4,Data1,2,Data2,2,Data3,244
08:02:07,MsgId,6,Data0,4,Data1,3,Data2,4,Data3,76
08:02:08,MsgId,6,Data0,4,Data1,4,Data2,7,Data3,8
08:02:08,MsgId,6,Data0,4,Data1,5,Data2,10,Data3,40
08:02:08,MsgId,7,Data0,1,Data1,0,Data2,0
08:02:08,MsgId,7,Data0,2,Data1,0,Data2,0
08:02:08,MsgId,7,Data0,3,Data1,0,Data2,0
08:02:09,MsgId,7,Data0,4,Data1,0,Data2,0
08:02:09,MsgId,5
08:02:09,MsgId,51,Data0,0,Data1,3
08:02:09,MsgId,1
08:07:04,MsgId,6,Data0,1,Data1,1,Data2,2,Data3,88
08:07:04,MsgId,6,Data0,1,Data1,2,Data2,6,Data3,64
08:07:04,MsgId,6,Data0,1,Data1,3,Data2,10,Data3,40
08:07:05,MsgId,6,Data0,1,Data1,4,Data2,14,Data3,16
08:07:05,MsgId,6,Data0,1,Data1,5,Data2,17,Data3,148
08:07:05,MsgId,6,Data0,2,Data1,1,Data2,2,Data3,88
08:07:05,MsgId,6,Data0,2,Data1,2,Data2,6,Data3,64
08:07:05,MsgId,6,Data0,2,Data1,3,Data2,10,Data3,40
08:07:06,MsgId,6,Data0,2,Data1,4,Data2,14,Data3,16
08:07:06,MsgId,6,Data0,2,Data1,5,Data2,17,Data3,148
08:07:06,MsgId,6,Data0,3,Data1,1,Data2,2,Data3,88
08:07:06,MsgId,6,Data0,3,Data1,2,Data2,6,Data3,220
08:07:06,MsgId,6,Data0,3,Data1,3,Data2,9,Data3,96
08:07:07,MsgId,6,Data0,3,Data1,4,Data2,13,Data3,228
08:07:07,MsgId,6,Data0,3,Data1,5,Data2,17,Data3,204
08:07:07,MsgId,6,Data0,4,Data1,1,Data2,2,Data3,244
08:07:07,MsgId,6,Data0,4,Data1,2,Data2,6,Data3,220
08:07:07,MsgId,6,Data0,4,Data1,3,Data2,9,Data3,196
08:07:08,MsgId,6,Data0,4,Data1,4,Data2,13,Data3,172
08:07:08,MsgId,6,Data0,4,Data1,5,Data2,18,Data3,248
08:07:08,MsgId,7,Data0,1,Data1,0,Data2,0
08:07:08,MsgId,7,Data0,2,Data1,0,Data2,0
08:07:08,MsgId,7,Data0,3,Data1,0,Data2,0
08:07:09,MsgId,7,Data0,4,Data1,0,Data2,0
08:07:09,MsgId,5
08:07:09,MsgId,51,Data0,0,Data1,11
08:07:09,MsgId,1
08:12:04,MsgId,6,Data0,1,Data1,1,Data2,2,Data3,88
08:12:04,MsgId,6,Data0,1,Data1,2,Data2,6,Data3,164
08:12:04,MsgId,6,Data0,1,Data1,3,Data2,10,Data3,40
08:12:05,MsgId,6,Data0,1,Data1,4,Data2,14,Data3,116
08:12:05,MsgId,6,Data0,1,Data1,5,Data2,18,Data3,92
08:12:05,MsgId,6,Data0,2,Data1,1,Data2,2,Data3,188
08:12:05,MsgId,6,Data0,2,Data1,2,Data2,6,Data3,64
08:12:05,MsgId,6,Data0,2,Data1,3,Data2,10,Data3,140
08:12:06,MsgId,6,Data0,2,Data1,4,Data2,14,Data3,116
08:12:06,MsgId,6,Data0,2,Data1,5,Data2,18,Data3,92
08:12:06,MsgId,6,Data0,3,Data1,1,Data2,2,Data3,188
08:12:06,MsgId,6,Data0,3,Data1,2,Data2,6,Data3,164
08:12:06,MsgId,6,Data0,3,Data1,3,Data2,10,Data3,40
08:12:07,MsgId,6,Data0,3,Data1,4,Data2,14,Data3,16
08:12:07,MsgId,6,Data0,3,Data1,5,Data2,18,Data3,92
08:12:07,MsgId,6,Data0,4,Data1,1,Data2,2,Data3,244
08:12:07,MsgId,6,Data0,4,Data1,2,Data2,6,Data3,64
08:12:07,MsgId,6,Data0,4,Data1,3,Data2,10,Data3,40
08:12:08,MsgId,6,Data0,4,Data1,4,Data2,14,Data3,16
08:12:08,MsgId,6,Data0,4,Data1,5,Data2,18,Data3,92
08:12:08,MsgId,7,Data0,1,Data1,0,Data2,0
08:12:08,MsgId,7,Data0,2,Data1,0,Data2,0
08:12:08,MsgId,7,Data0,3,Data1,0,Data2,0
08:12:09,MsgId,7,Data0,4,Data1,0,Data2,0
08:12:09,MsgId,5
08:12:09,MsgId,51,Data0,0,Data1,3
08:12:09,MsgId,1
08:17:04,MsgId,6,Data0,1,Data1,1,Data2,2,Data3,88
08:17:04,MsgId,6,Data0,1,Data1,2,Data2,6,Data3,164
08:17:04,MsgId,6,Data0,1,Data1,3,Data2,10,Data3,40
08:17:05,MsgId,6,Data0,1,Data1,4,Data2,14,Data3,116
08:17:05,MsgId,6,Data0,1,Data1,5,Data2,18,Data3,92
08:17:05,MsgId,6,Data0,2,Data1,1,Data2,2,Data3,188
08:17:05,MsgId,6,Data0,2,Data1,2,Data2,6,Data3,64
08:17:05,MsgId,6,Data0,2,Data1,3,Data2,10,Data3,140
08:17:06,MsgId,6,Data0,2,Data1,4,Data2,14,Data3,216
08:17:06,MsgId,6,Data0,2,Data1,5,Data2,18,Data3,92
08:17:06,MsgId,6,Data0,3,Data1,1,Data2,3,Data3,188
08:17:06,MsgId,6,Data0,3,Data1,2,Data2,7,Data3,8
08:17:06,MsgId,6,Data0,3,Data1,3,Data2,10,Data3,40
08:17:07,MsgId,6,Data0,3,Data1,4,Data2,14,Data3,16
08:17:07,MsgId,6,Data0,3,Data1,5,Data2,18,Data3,92
08:17:07,MsgId,6,Data0,4,Data1,1,Data2,2,Data3,244
08:17:07,MsgId,6,Data0,4,Data1,2,Data2,6,Data3,220
08:17:07,MsgId,6,Data0,4,Data1,3,Data2,10,Data3,196
08:17:08,MsgId,6,Data0,4,Data1,4,Data2,14,Data3,16
08:17:08,MsgId,6,Data0,4,Data1,5,Data2,18,Data3,192
08:17:08,MsgId,7,Data0,1,Data1,0,Data2,0
08:17:08,MsgId,7,Data0,2,Data1,0,Data2,0
08:17:08,MsgId,7,Data0,3,Data1,0,Data2,0
08:17:09,MsgId,7,Data0,4,Data1,0,Data2,0
08:17:09,MsgId,5
08:17:09,MsgId,51,Data0,0,Data1,3
08:17:09,MsgId,1
08:22:04,MsgId,6,Data0,1,Data1,1,Data2,3,Data3,32
08:22:04,MsgId,6,Data0,1,Data1,2,Data2,8,Data3,52
08:22:04,MsgId,6,Data0,1,Data1,3,Data2,13,Data3,228
08:22:05,MsgId,6,Data0,1,Data1,4,Data2,18,Data3,248
08:22:05,MsgId,6,Data0,1,Data1,5,Data2,22,Data3,168
08:22:05,MsgId,6,Data0,2,Data1,1,Data2,3,Data3,132
08:22:05,MsgId,6,Data0,2,Data1,2,Data2,8,Data3,52
08:22:05,MsgId,6,Data0,2,Data1,3,Data2,13,Data3,72
08:22:06,MsgId,6,Data0,2,Data1,4,Data2,18,Data3,248
08:22:06,MsgId,6,Data0,2,Data1,5,Data2,22,Data3,168
08:22:06,MsgId,6,Data0,3,Data1,1,Data2,3,Data3,132
08:22:06,MsgId,6,Data0,3,Data1,2,Data2,8,Data3,152
08:22:06,MsgId,6,Data0,3,Data1,3,Data2,13,Data3,228
08:22:07,MsgId,6,Data0,3,Data1,4,Data2,17,Data3,148
08:22:07,MsgId,6,Data0,3,Data1,5,Data2,22,Data3,168
08:22:07,MsgId,6,Data0,4,Data1,1,Data2,3,Data3,32
08:22:07,MsgId,6,Data0,4,Data1,2,Data2,8,Data3,208
08:22:07,MsgId,6,Data0,4,Data1,3,Data2,13,Data3,228
08:22:08,MsgId,6,Data0,4,Data1,4,Data2,17,Data3,148
08:22:08,MsgId,6,Data0,4,Data1,5,Data2,22,Data3,168
08:22:08,MsgId,7,Data0,1,Data1,0,Data2,0
08:22:08,MsgId,7,Data0,2,Data1,0,Data2,0
08:22:08,MsgId,7,Data0,3,Data1,0,Data2,0
08:22:09,MsgId,7,Data0,4,Data1,0,Data2,0
08:22:09,MsgId,5
08:22:09,MsgId,51,Data0,0,Data1,7
08:22:09,MsgId,1
08:27:04,MsgId,6,Data0,1,Data1,1,Data2,3,Data3,32
08:27:04,MsgId,6,Data0,1,Data1,2,Data2,8,Data3,152
08:27:04,MsgId,6,Data0,1,Data1,3,Data2,13,Data3,228
08:27:05,MsgId,6,Data0,1,Data1,4,Data2,18,Data3,248
08:27:05,MsgId,6,Data0,1,Data1,5,Data2,22,Data3,168
08:27:05,MsgId,6,Data0,2,Data1,1,Data2,3,Data3,132
08:27:05,MsgId,6,Data0,2,Data1,2,Data2,8,Data3,52
08:27:05,MsgId,6,Data0,2,Data1,3,Data2,13,Data3,72
08:27:06,MsgId,6,Data0,2,Data1,4,Data2,18,Data3,92
08:27:06,MsgId,6,Data0,2,Data1,5,Data2,22,Data3,168
08:27:06,MsgId,6,Data0,3,Data1,1,Data2,3,Data3,132
08:27:06,MsgId,6,Data0,3,Data1,2,Data2,8,Data3,152
08:27:06,MsgId,6,Data0,3,Data1,3,Data2,13,Data3,228
08:27:07,MsgId,6,Data0,3,Data1,4,Data2,17,Data3,148
08:27:07,MsgId,6,Data0,3,Data1,5,Data2,22,Data3,168
08:27:07,MsgId,6,Data0,4,Data1,1,Data2,3,Data3,32
08:27:07,MsgId,6,Data0,4,Data1,2,Data2,7,Data3,208
08:27:07,MsgId,6,Data0,4,Data1,3,Data2,12,Data3,228
08:27:08,MsgId,6,Data0,4,Data1,4,Data2,17,Data3,148
08:27:08,MsgId,6,Data0,4,Data1,5,Data2,23,Data3,168
08:27:08,MsgId,7,Data0,1,Data1,0,Data2,0
08:27:08,MsgId,7,Data0,2,Data1,0,Data2,0
08:27:08,MsgId,7,Data0,3,Data1,0,Data2,0
08:27:09,MsgId,7,Data0,4,Data1,0,Data2,0
08:27:09,MsgId,5
08:27:09,MsgId,51,Data0,0,Data1,11
08:27:09,MsgId,1
08:32:04,MsgId,6,Data0,1,Data1,1,Data2,3,Data3,132
08:32:04,MsgId,6,Data0,1,Data1,2,Data2,8,Data3,152
08:32:04,MsgId,6,Data0,1,Data1,3,Data2,13,Data3,72
08:32:05,MsgId,6,Data0,1,Data1,4,Data2,18,Data3,92
08:32:05,MsgId,6,Data0,1,Data1,5,Data2,23,Data3,12
08:32:05,MsgId,6,Data0,2,Data1,1,Data2,3,Data3,232
08:32:05,MsgId,6,Data0,2,Data1,2,Data2,8,Data3,152
08:32:05,MsgId,6,Data0,2,Data1,3,Data2,13,Data3,172
08:32:06,MsgId,6,Data0,2,Data1,4,Data2,18,Data3,192
08:32:06,MsgId,6,Data0,2,Data1,5,Data2,23,Data3,12
08:32:06,MsgId,6,Data0,3,Data1,1,Data2,3,Data3,232
08:32:06,MsgId,6,Data0,3,Data1,2,Data2,9,Data3,252
08:32:06,MsgId,6,Data0,3,Data1,3,Data2,13,Data3,72
08:32:07,MsgId,6,Data0,3,Data1,4,Data2,18,Data3,248
08:32:07,MsgId,6,Data0,3,Data1,5,Data2,23,Data3,12
08:32:07,MsgId,6,Data0,4,Data1,1,Data2,3,Data3,32
08:32:07,MsgId,6,Data0,4,Data1,2,Data2,7,Data3,108
08:32:07,MsgId,6,Data0,4,Data1,3,Data2,13,Data3,228
08:32:08,MsgId,6,Data0,4,Data1,4,Data2,18,Data3,248
08:32:08,MsgId,6,Data0,4,Data1,5,Data2,23,Data3,12
08:32:08,MsgId,7,Data0,1,Data1,0,Data2,0
08:32:08,MsgId,7,Data0,2,Data1,0,Data2,0
08:32:08,MsgId,7,Data0,3,Data1,0,Data2,0
08:32:09,MsgId,7,Data0,4,Data1,0,Data2,0
08:32:09,MsgId,5
08:32:09,MsgId,51,Data0,0,Data1,27
08:32:09,MsgId,1
08:37:04,MsgId,6,Data0,1,Data1,1,Data2,3,Data3,32
08:37:04,MsgId,6,Data0,1,Data1,2,Data2,8,Data3,52
08:37:04,MsgId,6,Data0,1,Data1,3,Data2,13,Data3,228
08:37:05,MsgId,6,Data0,1,Data1,4,Data2,18,Data3,248
08:37:05,MsgId,6,Data0,1,Data1,5,Data2,22,Data3,168
08:37:05,MsgId,6,Data0,2,Data1,1,Data2,4,Data3,232
08:37:05,MsgId,6,Data0,2,Data1,2,Data2,9,Data3,252
08:37:05,MsgId,6,Data0,2,Data1,3,Data2,14,Data3,116
08:37:06,MsgId,6,Data0,2,Data1,4,Data2,19,Data3,36
08:37:06,MsgId,6,Data0,2,Data1,5,Data2,22,Data3,168
08:37:06,MsgId,6,Data0,3,Data1,1,Data2,4,Data3,232
08:37:06,MsgId,6,Data0,3,Data1,2,Data2,9,Data3,252
08:37:06,MsgId,6,Data0,3,Data1,3,Data2,13,Data3,228
08:37:07,MsgId,6,Data0,3,Data1,4,Data2,18,Data3,248
08:37:07,MsgId,6,Data0,3,Data1,5,Data2,23,Data3,12
08:37:07,MsgId,6,Data0,4,Data1,1,Data2,3,Data3,32
08:37:07,MsgId,6,Data0,4,Data1,2,Data2,7,Data3,8
08:37:07,MsgId,6,Data0,4,Data1,3,Data2,12,Data3,228
08:37:08,MsgId,6,Data0,4,Data1,4,Data2,18,Data3,248
08:37:08,MsgId,6,Data0,4,Data1,5,Data2,23,Data3,12
08:37:08,MsgId,7,Data0,1,Data1,0,Data2,0
08:37:08,MsgId,7,Data0,2,Data1,0,Data2,0
08:37:08,MsgId,7,Data0,3,Data1,0,Data2,0
08:37:09,MsgId,7,Data0,4,Data1,0,Data2,0
08:37:09,MsgId,5
08:37:09,MsgId,51,Data0,0,Data1,42
08:37:09,MsgId,1
08:42:04,MsgId,6,Data0,1,Data1,1,Data2,2,Data3,244
08:42:04,MsgId,6,Data0,1,Data1,2,Data2,6,Data3,64
08:42:04,MsgId,6,Data0,1,Data1,3,Data2,11,Data3,240
08:42:05,MsgId,6,Data0,1,Data1,4,Data2,16,Data3,104
08:42:05,MsgId,6,Data0,1,Data1,5,Data2,21,Data3,24
08:42:05,MsgId,6,Data0,2,Data1,1,Data2,4,Data3,76
08:42:05,MsgId,6,Data0,2,Data1,2,Data2,9,Data3,96
08:42:05,MsgId,6,Data0,2,Data1,3,Data2,14,Data3,16
08:42:06,MsgId,6,Data0,2,Data1,4,Data2,18,Data3,192
08:42:06,MsgId,6,Data0,2,Data1,5,Data2,21,Data3,24
08:42:06,MsgId,6,Data0,3,Data1,1,Data2,4,Data3,76
08:42:06,MsgId,6,Data0,3,Data1,2,Data2,10,Data3,196
08:42:06,MsgId,6,Data0,3,Data1,3,Data2,12,Data3,28
08:42:07,MsgId,6,Data0,3,Data1,4,Data2,16,Data3,4
08:42:07,MsgId,6,Data0,3,Data1,5,Data2,21,Data3,124
08:42:07,MsgId,6,Data0,4,Data1,1,Data2,3,Data3,188
08:42:07,MsgId,6,Data0,4,Data1,2,Data2,6,Data3,220
08:42:07,MsgId,6,Data0,4,Data1,3,Data2,12,Data3,184
08:42:08,MsgId,6,Data0,4,Data1,4,Data2,17,Data3,204
08:42:08,MsgId,6,Data0,4,Data1,5,Data2,21,Data3,124
08:42:08,MsgId,7,Data0,1,Data1,0,Data2,0
08:42:08,MsgId,7,Data0,2,Data1,0,Data2,0
08:42:08,MsgId,7,Data0,3,Data1,0,Data2,0
08:42:09,MsgId,7,Data0,4,Data1,0,Data2,0
08:42:09,MsgId,5
08:42:09,MsgId,51,Data0,0,Data1,73
08:42:09,MsgId,1
08:47:04,MsgId,6,Data0,1,Data1,1,Data2,1,Data3,244
08:47:04,MsgId,6,Data0,1,Data1,2,Data2,6,Data3,64
08:47:04,MsgId,6,Data0,1,Data1,3,Data2,11,Data3,84
08:47:05,MsgId,6,Data0,1,Data1,4,Data2,17,Data3,204
08:47:05,MsgId,6,Data0,1,Data1,5,Data2,22,Data3,224
08:47:05,MsgId,6,Data0,2,Data1,1,Data2,4,Data3,176
08:47:05,MsgId,6,Data0,2,Data1,2,Data2,10,Data3,196
08:47:05,MsgId,6,Data0,2,Data1,3,Data2,15,Data3,216
08:47:06,MsgId,6,Data0,2,Data1,4,Data2,19,Data3,136
08:47:06,MsgId,6,Data0,2,Data1,5,Data2,22,Data3,224
08:47:06,MsgId,6,Data0,3,Data1,1,Data2,4,Data3,176
08:47:06,MsgId,6,Data0,3,Data1,2,Data2,10,Data3,140
08:47:06,MsgId,6,Data0,3,Data1,3,Data2,12,Data3,128
08:47:07,MsgId,6,Data0,3,Data1,4,Data2,16,Data3,204
08:47:07,MsgId,6,Data0,3,Data1,5,Data2,22,Data3,68
08:47:07,MsgId,6,Data0,4,Data1,1,Data2,3,Data3,32
08:47:07,MsgId,6,Data0,4,Data1,2,Data2,6,Data3,64
08:47:07,MsgId,6,Data0,4,Data1,3,Data2,12,Data3,128
08:47:08,MsgId,6,Data0,4,Data1,4,Data2,17,Data3,148
08:47:08,MsgId,6,Data0,4,Data1,5,Data2,22,Data3,68
08:47:08,MsgId,7,Data0,1,Data1,0,Data2,0
08:47:08,MsgId,7,Data0,2,Data1,0,Data2,0
08:47:09,MsgId,7,Data0,3,Data1,0,Data2,0
08:47:09,MsgId,7,Data0,4,Data1,0,Data2,0
08:47:09,MsgId,5
08:47:09,MsgId,51,Data0,0,Data1,92
08:47:09,MsgId,1
08:52:04,MsgId,6,Data0,1,Data1,1,Data2,3,Data3,232
08:52:04,MsgId,6,Data0,1,Data1,2,Data2,10,Data3,196
08:52:04,MsgId,6,Data0,1,Data1,3,Data2,15,Data3,160
08:52:05,MsgId,6,Data0,1,Data1,4,Data2,21,Data3,224
08:52:05,MsgId,6,Data0,1,Data1,5,Data2,27,Data3,88
08:52:05,MsgId,6,Data0,2,Data1,1,Data2,5,Data3,20
08:52:05,MsgId,6,Data0,2,Data1,2,Data2,11,Data3,240
08:52:05,MsgId,6,Data0,2,Data1,3,Data2,17,Data3,48
08:52:06,MsgId,6,Data0,2,Data1,4,Data2,23,Data3,12
08:52:06,MsgId,6,Data0,2,Data1,5,Data2,27,Data3,88
08:52:06,MsgId,6,Data0,3,Data1,1,Data2,5,Data3,20
08:52:06,MsgId,6,Data0,3,Data1,2,Data2,11,Data3,84
08:52:07,MsgId,6,Data0,3,Data1,3,Data2,15,Data3,160
08:52:07,MsgId,6,Data0,3,Data1,4,Data2,21,Data3,124
08:52:07,MsgId,6,Data0,3,Data1,5,Data2,27,Data3,88
08:52:07,MsgId,6,Data0,4,Data1,1,Data2,4,Data3,76
08:52:07,MsgId,6,Data0,4,Data1,2,Data2,9,Data3,252
08:52:08,MsgId,6,Data0,4,Data1,3,Data2,15,Data3,160
08:52:08,MsgId,6,Data0,4,Data1,4,Data2,21,Data3,124
08:52:08,MsgId,6,Data0,4,Data1,5,Data2,27,Data3,88
08:52:08,MsgId,7,Data0,1,Data1,0,Data2,0
08:52:08,MsgId,7,Data0,2,Data1,0,Data2,0
08:52:09,MsgId,7,Data0,3,Data1,0,Data2,0
08:52:09,MsgId,7,Data0,4,Data1,0,Data2,0
08:52:09,MsgId,5
08:52:09,MsgId,51,Data0,0,Data1,123
08:52:09,MsgId,1
08:57:04,MsgId,6,Data0,1,Data1,1,Data2,4,Data3,232
08:57:04,MsgId,6,Data0,1,Data1,2,Data2,10,Data3,40
08:57:05,MsgId,6,Data0,1,Data1,3,Data2,16,Data3,4
08:57:05,MsgId,6,Data0,1,Data1,4,Data2,22,Data3,68
08:57:05,MsgId,6,Data0,1,Data1,5,Data2,28,Data3,32
08:57:05,MsgId,6,Data0,2,Data1,1,Data2,5,Data3,20
08:57:05,MsgId,6,Data0,2,Data1,2,Data2,11,Data3,84
08:57:06,MsgId,6,Data0,2,Data1,3,Data2,18,Data3,248
08:57:06,MsgId,6,Data0,2,Data1,4,Data2,24,Data3,56
08:57:06,MsgId,6,Data0,2,Data1,5,Data2,28,Data3,32
08:57:06,MsgId,6,Data0,3,Data1,1,Data2,5,Data3,20
08:57:06,MsgId,6,Data0,3,Data1,2,Data2,11,Data3,184
08:57:07,MsgId,6,Data0,3,Data1,3,Data2,16,Data3,4
08:57:07,MsgId,6,Data0,3,Data1,4,Data2,22,Data3,68
08:57:07,MsgId,6,Data0,3,Data1,5,Data2,28,Data3,132
08:57:07,MsgId,6,Data0,4,Data1,1,Data2,4,Data3,176
08:57:07,MsgId,6,Data0,4,Data1,2,Data2,9,Data3,96
08:57:08,MsgId,6,Data0,4,Data1,3,Data2,16,Data3,4
08:57:08,MsgId,6,Data0,4,Data1,4,Data2,22,Data3,68
08:57:08,MsgId,6,Data0,4,Data1,5,Data2,28,Data3,132
08:57:08,MsgId,7,Data0,1,Data1,0,Data2,0
08:57:08,MsgId,7,Data0,2,Data1,0,Data2,0
08:57:09,MsgId,7,Data0,3,Data1,0,Data2,0
08:57:09,MsgId,7,Data0,4,Data1,0,Data2,0
08:57:09,MsgId,5
08:57:09,MsgId,51,Data0,0,Data1,158
08:57:09,MsgId,1
09:02:04,MsgId,6,Data0,1,Data1,1,Data2,2,Data3,188
09:02:04,MsgId,6,Data0,1,Data1,2,Data2,9,Data3,252
09:02:05,MsgId,6,Data0,1,Data1,3,Data2,15,Data3,216
09:02:05,MsgId,6,Data0,1,Data1,4,Data2,21,Data3,124
09:02:05,MsgId,6,Data0,1,Data1,5,Data2,27,Data3,244
09:02:05,MsgId,6,Data0,2,Data1,1,Data2,5,Data3,120
09:02:05,MsgId,6,Data0,2,Data1,2,Data2,11,Data3,184
09:02:06,MsgId,6,Data0,2,Data1,3,Data2,18,Data3,92
09:02:06,MsgId,6,Data0,2,Data1,4,Data2,24,Data3,156
09:02:06,MsgId,6,Data0,2,Data1,5,Data2,27,Data3,88
09:02:06,MsgId,6,Data0,3,Data1,1,Data2,5,Data3,20
09:02:06,MsgId,6,Data0,3,Data1,2,Data2,12,Data3,184
09:02:07,MsgId,6,Data0,3,Data1,3,Data2,15,Data3,216
09:02:07,MsgId,6,Data0,3,Data1,4,Data2,21,Data3,24
09:02:07,MsgId,6,Data0,3,Data1,5,Data2,27,Data3,88
09:02:07,MsgId,6,Data0,4,Data1,1,Data2,4,Data3,232
09:02:07,MsgId,6,Data0,4,Data1,2,Data2,8,Data3,52
09:02:08,MsgId,6,Data0,4,Data1,3,Data2,15,Data3,60
09:02:08,MsgId,6,Data0,4,Data1,4,Data2,21,Data3,124
09:02:08,MsgId,6,Data0,4,Data1,5,Data2,27,Data3,88
09:02:08,MsgId,7,Data0,1,Data1,0,Data2,0
09:02:08,MsgId,7,Data0,2,Data1,0,Data2,0
09:02:09,MsgId,7,Data0,3,Data1,0,Data2,0
09:02:09,MsgId,7,Data0,4,Data1,0,Data2,0
09:02:09,MsgId,5
09:02:09,MsgId,51,Data0,0,Data1,181
09:02:09,MsgId,1
09:07:04,MsgId,6,Data0,1,Data1,1,Data2,1,Data3,144
09:07:04,MsgId,6,Data0,1,Data1,2,Data2,8,Data3,52
09:07:05,MsgId,6,Data0,1,Data1,3,Data2,14,Data3,216
09:07:05,MsgId,6,Data0,1,Data1,4,Data2,22,Data3,224
09:07:05,MsgId,6,Data0,1,Data1,5,Data2,28,Data3,132
09:07:05,MsgId,6,Data0,2,Data1,1,Data2,5,Data3,120
09:07:05,MsgId,6,Data0,2,Data1,2,Data2,12,Data3,28
09:07:06,MsgId,6,Data0,2,Data1,3,Data2,19,Data3,36
09:07:06,MsgId,6,Data0,2,Data1,4,Data2,25,Data3,100
09:07:06,MsgId,6,Data0,2,Data1,5,Data2,28,Data3,132
09:07:06,MsgId,6,Data0,3,Data1,1,Data2,5,Data3,120
09:07:06,MsgId,6,Data0,3,Data1,2,Data2,12,Data3,128
09:07:07,MsgId,6,Data0,3,Data1,3,Data2,16,Data3,4
09:07:07,MsgId,6,Data0,3,Data1,4,Data2,22,Data3,68
09:07:07,MsgId,6,Data0,3,Data1,5,Data2,29,Data3,232
09:07:07,MsgId,6,Data0,4,Data1,1,Data2,5,Data3,120
09:07:07,MsgId,6,Data0,4,Data1,2,Data2,12,Data3,128
09:07:08,MsgId,6,Data0,4,Data1,3,Data2,19,Data3,136
09:07:08,MsgId,6,Data0,4,Data1,4,Data2,23,Data3,212
09:07:08,MsgId,6,Data0,4,Data1,5,Data2,29,Data3,232
09:07:08,MsgId,7,Data0,1,Data1,0,Data2,0
09:07:08,MsgId,7,Data0,2,Data1,0,Data2,0
09:07:09,MsgId,7,Data0,3,Data1,0,Data2,0
09:07:09,MsgId,7,Data0,4,Data1,0,Data2,0
09:07:09,MsgId,5
09:07:09,MsgId,51,Data0,0,Data1,235
09:07:09,MsgId,1
09:12:04,MsgId,6,Data0,1,Data1,1,Data2,0,Data3,100
09:12:04,MsgId,6,Data0,1,Data1,2,Data2,1,Data3,44
09:12:05,MsgId,6,Data0,1,Data1,3,Data2,7,Data3,8
09:12:05,MsgId,6,Data0,1,Data1,4,Data2,14,Data3,116
09:12:05,MsgId,6,Data0,1,Data1,5,Data2,21,Data3,24
09:12:05,MsgId,6,Data0,2,Data1,1,Data2,7,Data3,8
09:12:05,MsgId,6,Data0,2,Data1,2,Data2,15,Data3,60
09:12:06,MsgId,6,Data0,2,Data1,3,Data2,18,Data3,92
09:12:06,MsgId,6,Data0,2,Data1,4,Data2,19,Data3,136
09:12:06,MsgId,6,Data0,2,Data1,5,Data2,21,Data3,24
09:12:06,MsgId,6,Data0,3,Data1,1,Data2,6,Data3,164
09:12:06,MsgId,6,Data0,3,Data1,2,Data2,15,Data3,60
09:12:07,MsgId,6,Data0,3,Data1,3,Data2,15,Data3,216
09:12:07,MsgId,6,Data0,3,Data1,4,Data2,15,Data3,160
09:12:07,MsgId,6,Data0,3,Data1,5,Data2,21,Data3,124
09:12:07,MsgId,6,Data0,4,Data1,1,Data2,0,Data3,100
09:12:07,MsgId,6,Data0,4,Data1,2,Data2,0,Data3,100
09:12:08,MsgId,6,Data0,4,Data1,3,Data2,7,Data3,8
09:12:08,MsgId,6,Data0,4,Data1,4,Data2,13,Data3,172
09:12:08,MsgId,6,Data0,4,Data1,5,Data2,21,Data3,124
09:12:08,MsgId,7,Data0,1,Data1,0,Data2,0
09:12:08,MsgId,7,Data0,2,Data1,0,Data2,0
09:12:09,MsgId,7,Data0,3,Data1,0,Data2,0
09:12:09,MsgId,7,Data0,4,Data1,0,Data2,0
09:12:09,MsgId,5
09:12:09,MsgId,51,Data0,0,Data1,235
09:12:09,MsgId,1
09:17:04,MsgId,6,Data0,1,Data1,1,Data2,4,Data3,76
09:17:04,MsgId,6,Data0,1,Data1,2,Data2,10,Data3,240
09:17:05,MsgId,6,Data0,1,Data1,3,Data2,17,Data3,204
09:17:05,MsgId,6,Data0,1,Data1,4,Data2,23,Data3,112
09:17:05,MsgId,6,Data0,1,Data1,5,Data2,29,Data3,76
09:17:05,MsgId,6,Data0,2,Data1,1,Data2,6,Data3,64
09:17:05,MsgId,6,Data0,2,Data1,2,Data2,13,Data3,72
09:17:06,MsgId,6,Data0,2,Data1,3,Data2,20,Data3,80
09:17:06,MsgId,6,Data0,2,Data1,4,Data2,26,Data3,144
09:17:06,MsgId,6,Data0,2,Data1,5,Data2,29,Data3,76
09:17:06,MsgId,6,Data0,3,Data1,1,Data2,6,Data3,64
09:17:06,MsgId,6,Data0,3,Data1,2,Data2,14,Data3,16
09:17:07,MsgId,6,Data0,3,Data1,3,Data2,17,Data3,48
09:17:07,MsgId,6,Data0,3,Data1,4,Data2,23,Data3,12
09:17:07,MsgId,6,Data0,3,Data1,5,Data2,29,Data3,176
09:17:07,MsgId,6,Data0,4,Data1,1,Data2,4,Data3,176
09:17:07,MsgId,6,Data0,4,Data1,2,Data2,9,Data3,252
09:17:08,MsgId,6,Data0,4,Data1,3,Data2,16,Data3,104
09:17:08,MsgId,6,Data0,4,Data1,4,Data2,23,Data3,12
09:17:08,MsgId,6,Data0,4,Data1,5,Data2,29,Data3,176
09:17:08,MsgId,7,Data0,1,Data1,0,Data2,0
09:17:08,MsgId,7,Data0,2,Data1,0,Data2,0
09:17:09,MsgId,7,Data0,3,Data1,0,Data2,0
09:17:09,MsgId,7,Data0,4,Data1,0,Data2,0
09:17:09,MsgId,5
09:17:09,MsgId,51,Data0,0,Data1,239
09:17:09,MsgId,1
09:22:04,MsgId,6,Data0,1,Data1,1,Data2,0,Data3,0
09:22:04,MsgId,6,Data0,1,Data1,2,Data2,2,Data3,88
09:22:05,MsgId,6,Data0,1,Data1,3,Data2,9,Data3,252
09:22:05,MsgId,6,Data0,1,Data1,4,Data2,15,Data3,160
09:22:05,MsgId,6,Data0,1,Data1,5,Data2,21,Data3,224
09:22:05,MsgId,6,Data0,2,Data1,1,Data2,5,Data3,220
09:22:05,MsgId,6,Data0,2,Data1,2,Data2,12,Data3,128
09:22:06,MsgId,6,Data0,2,Data1,3,Data2,18,Data3,248
09:22:06,MsgId,6,Data0,2,Data1,4,Data2,21,Data3,24
09:22:06,MsgId,6,Data0,2,Data1,5,Data2,22,Data3,224
09:22:06,MsgId,6,Data0,3,Data1,1,Data2,5,Data3,120
09:22:06,MsgId,6,Data0,3,Data1,2,Data2,12,Data3,228
09:22:07,MsgId,6,Data0,3,Data1,3,Data2,12,Data3,128
09:22:07,MsgId,6,Data0,3,Data1,4,Data2,15,Data3,160
09:22:07,MsgId,6,Data0,3,Data1,5,Data2,22,Data3,224
09:22:07,MsgId,6,Data0,4,Data1,1,Data2,2,Data3,244
09:22:07,MsgId,6,Data0,4,Data1,2,Data2,3,Data3,132
09:22:08,MsgId,6,Data0,4,Data1,3,Data2,9,Data3,196
09:22:08,MsgId,6,Data0,4,Data1,4,Data2,15,Data3,160
09:22:08,MsgId,6,Data0,4,Data1,5,Data2,22,Data3,68
09:22:08,MsgId,7,Data0,1,Data1,0,Data2,0
09:22:08,MsgId,7,Data0,2,Data1,0,Data2,2
09:22:09,MsgId,7,Data0,3,Data1,0,Data2,0
09:22:09,MsgId,7,Data0,4,Data1,0,Data2,2
09:22:09,MsgId,5
09:22:09,MsgId,51,Data0,1,Data1,83
09:22:09,MsgId,1
09:27:04,MsgId,6,Data0,1,Data1,1,Data2,3,Data3,132
09:27:04,MsgId,6,Data0,1,Data1,2,Data2,10,Data3,40
09:27:05,MsgId,6,Data0,1,Data1,3,Data2,16,Data3,104
09:27:05,MsgId,6,Data0,1,Data1,4,Data2,23,Data3,12
09:27:05,MsgId,6,Data0,1,Data1,5,Data2,29,Data3,76
09:27:05,MsgId,6,Data0,2,Data1,1,Data2,5,Data3,220
09:27:05,MsgId,6,Data0,2,Data1,2,Data2,12,Data3,128
09:27:06,MsgId,6,Data0,2,Data1,3,Data2,19,Data3,136
09:27:06,MsgId,6,Data0,2,Data1,4,Data2,26,Data3,144
09:27:06,MsgId,6,Data0,2,Data1,5,Data2,29,Data3,76
09:27:06,MsgId,6,Data0,3,Data1,1,Data2,5,Data3,120
09:27:06,MsgId,6,Data0,3,Data1,2,Data2,12,Data3,128
09:27:07,MsgId,6,Data0,3,Data1,3,Data2,16,Data3,104
09:27:07,MsgId,6,Data0,3,Data1,4,Data2,22,Data3,168
09:27:07,MsgId,6,Data0,3,Data1,5,Data2,29,Data3,176
09:27:07,MsgId,6,Data0,4,Data1,1,Data2,4,Data3,176
09:27:07,MsgId,6,Data0,4,Data1,2,Data2,8,Data3,152
09:27:08,MsgId,6,Data0,4,Data1,3,Data2,15,Data3,160
09:27:08,MsgId,6,Data0,4,Data1,4,Data2,22,Data3,168
09:27:08,MsgId,6,Data0,4,Data1,5,Data2,29,Data3,176
09:27:08,MsgId,7,Data0,1,Data1,0,Data2,0
09:27:08,MsgId,7,Data0,2,Data1,0,Data2,0
09:27:09,MsgId,7,Data0,3,Data1,0,Data2,0
09:27:09,MsgId,7,Data0,4,Data1,0,Data2,0
09:27:09,MsgId,5
09:27:09,MsgId,51,Data0,1,Data1,41
09:27:09,MsgId,1
09:32:04,MsgId,6,Data0,1,Data1,1,Data2,4,Data3,76
09:32:04,MsgId,6,Data0,1,Data1,2,Data2,11,Data3,84
09:32:05,MsgId,6,Data0,1,Data1,3,Data2,18,Data3,248
09:32:05,MsgId,6,Data0,1,Data1,4,Data2,25,Data3,0
09:32:05,MsgId,6,Data0,1,Data1,5,Data2,31,Data3,64
09:32:05,MsgId,6,Data0,2,Data1,1,Data2,6,Data3,220
09:32:05,MsgId,6,Data0,2,Data1,2,Data2,13,Data3,228
09:32:06,MsgId,6,Data0,2,Data1,3,Data2,20,Data3,80
09:32:06,MsgId,6,Data0,2,Data1,4,Data2,27,Data3,88
09:32:06,MsgId,6,Data0,2,Data1,5,Data2,31,Data3,64
09:32:06,MsgId,6,Data0,3,Data1,1,Data2,6,Data3,220
09:32:06,MsgId,6,Data0,3,Data1,2,Data2,13,Data3,228
09:32:07,MsgId,6,Data0,3,Data1,3,Data2,18,Data3,248
09:32:07,MsgId,6,Data0,3,Data1,4,Data2,24,Data3,156
09:32:07,MsgId,6,Data0,3,Data1,5,Data2,31,Data3,164
09:32:07,MsgId,6,Data0,4,Data1,1,Data2,5,Data3,220
09:32:07,MsgId,6,Data0,4,Data1,2,Data2,9,Data3,96
09:32:08,MsgId,6,Data0,4,Data1,3,Data2,17,Data3,48
09:32:08,MsgId,6,Data0,4,Data1,4,Data2,24,Data3,56
09:32:08,MsgId,6,Data0,4,Data1,5,Data2,31,Data3,164
09:32:08,MsgId,7,Data0,1,Data1,0,Data2,11
09:32:08,MsgId,7,Data0,2,Data1,0,Data2,2
09:32:09,MsgId,7,Data0,3,Data1,0,Data2,0
09:32:09,MsgId,7,Data0,4,Data1,0,Data2,0
09:32:09,MsgId,5
09:32:09,MsgId,51,Data0,1,Data1,126
09:32:09,MsgId,1
09:37:04,MsgId,6,Data0,1,Data1,1,Data2,5,Data3,120
09:37:04,MsgId,6,Data0,1,Data1,2,Data2,12,Data3,228
09:37:05,MsgId,6,Data0,1,Data1,3,Data2,19,Data3,136
09:37:05,MsgId,6,Data0,1,Data1,4,Data2,27,Data3,244
09:37:05,MsgId,6,Data0,1,Data1,5,Data2,33,Data3,52
09:37:05,MsgId,6,Data0,2,Data1,1,Data2,6,Data3,220
09:37:05,MsgId,6,Data0,2,Data1,2,Data2,13,Data3,72
09:37:06,MsgId,6,Data0,2,Data1,3,Data2,20,Data3,180
09:37:06,MsgId,6,Data0,2,Data1,4,Data2,27,Data3,188
09:37:06,MsgId,6,Data0,2,Data1,5,Data2,33,Data3,152
09:37:06,MsgId,6,Data0,3,Data1,1,Data2,6,Data3,220
09:37:06,MsgId,6,Data0,3,Data1,2,Data2,13,Data3,72
09:37:07,MsgId,6,Data0,3,Data1,3,Data2,19,Data3,136
09:37:07,MsgId,6,Data0,3,Data1,4,Data2,26,Data3,144
09:37:07,MsgId,6,Data0,3,Data1,5,Data2,33,Data3,152
09:37:07,MsgId,6,Data0,4,Data1,1,Data2,6,Data3,220
09:37:07,MsgId,6,Data0,4,Data1,2,Data2,11,Data3,84
09:37:08,MsgId,6,Data0,4,Data1,3,Data2,19,Data3,36
09:37:08,MsgId,6,Data0,4,Data1,4,Data2,26,Data3,44
09:37:08,MsgId,6,Data0,4,Data1,5,Data2,33,Data3,152
09:37:08,MsgId,7,Data0,1,Data1,0,Data2,75
09:37:08,MsgId,7,Data0,2,Data1,0,Data2,82
09:37:09,MsgId,7,Data0,3,Data1,0,Data2,158
09:37:09,MsgId,7,Data0,4,Data1,0,Data2,62
09:37:09,MsgId,5
09:37:09,MsgId,51,Data0,2,Data1,17
09:37:09,MsgId,1
09:42:04,MsgId,6,Data0,1,Data1,1,Data2,0,Data3,0
09:42:04,MsgId,6,Data0,1,Data1,2,Data2,3,Data3,32
09:42:05,MsgId,6,Data0,1,Data1,3,Data2,10,Data3,196
09:42:05,MsgId,6,Data0,1,Data1,4,Data2,17,Data3,204
09:42:05,MsgId,6,Data0,1,Data1,5,Data2,23,Data3,112
09:42:05,MsgId,6,Data0,2,Data1,1,Data2,6,Data3,220
09:42:05,MsgId,6,Data0,2,Data1,2,Data2,13,Data3,228
09:42:06,MsgId,6,Data0,2,Data1,3,Data2,18,Data3,192
09:42:06,MsgId,6,Data0,2,Data1,4,Data2,23,Data3,12
09:42:06,MsgId,6,Data0,2,Data1,5,Data2,23,Data3,112
09:42:06,MsgId,6,Data0,3,Data1,1,Data2,6,Data3,220
09:42:06,MsgId,6,Data0,3,Data1,2,Data2,13,Data3,72
09:42:07,MsgId,6,Data0,3,Data1,3,Data2,13,Data3,228
09:42:07,MsgId,6,Data0,3,Data1,4,Data2,16,Data3,204
09:42:07,MsgId,6,Data0,3,Data1,5,Data2,23,Data3,212
09:42:07,MsgId,6,Data0,4,Data1,1,Data2,4,Data3,176
09:42:07,MsgId,6,Data0,4,Data1,2,Data2,4,Data3,176
09:42:08,MsgId,6,Data0,4,Data1,3,Data2,12,Data3,28
09:42:08,MsgId,6,Data0,4,Data1,4,Data2,19,Data3,192
09:42:08,MsgId,6,Data0,4,Data1,5,Data2,23,Data3,212
09:42:08,MsgId,7,Data0,1,Data1,0,Data2,211
09:42:08,MsgId,7,Data0,2,Data1,0,Data2,207
09:42:09,MsgId,7,Data0,3,Data1,0,Data2,180
09:42:09,MsgId,7,Data0,4,Data1,0,Data2,195
09:42:09,MsgId,5
09:42:09,MsgId,51,Data0,2,Data1,225
09:42:09,MsgId,1
09:47:04,MsgId,6,Data0,1,Data1,1,Data2,5,Data3,220
09:47:04,MsgId,6,Data0,1,Data1,2,Data2,13,Data3,72
09:47:05,MsgId,6,Data0,1,Data1,3,Data2,20,Data3,180
09:47:05,MsgId,6,Data0,1,Data1,4,Data2,28,Data3,132
09:47:05,MsgId,6,Data0,1,Data1,5,Data2,35,Data3,140
09:47:05,MsgId,6,Data0,2,Data1,1,Data2,6,Data3,64
09:47:05,MsgId,6,Data0,2,Data1,2,Data2,13,Data3,172
09:47:06,MsgId,6,Data0,2,Data1,3,Data2,21,Data3,124
09:47:06,MsgId,6,Data0,2,Data1,4,Data2,29,Data3,232
09:47:06,MsgId,6,Data0,2,Data1,5,Data2,35,Data3,140
09:47:06,MsgId,6,Data0,3,Data1,1,Data2,6,Data3,64
09:47:06,MsgId,6,Data0,3,Data1,2,Data2,14,Data3,16
09:47:07,MsgId,6,Data0,3,Data1,3,Data2,21,Data3,180
09:47:07,MsgId,6,Data0,3,Data1,4,Data2,28,Data3,32
09:47:07,MsgId,6,Data0,3,Data1,5,Data2,35,Data3,140
09:47:07,MsgId,6,Data0,4,Data1,1,Data2,6,Data3,220
09:47:08,MsgId,6,Data0,4,Data1,2,Data2,13,Data3,228
09:47:08,MsgId,6,Data0,4,Data1,3,Data2,20,Data3,180
09:47:08,MsgId,6,Data0,4,Data1,4,Data2,28,Data3,188
09:47:08,MsgId,6,Data0,4,Data1,5,Data2,35,Data3,240
09:47:08,MsgId,7,Data0,1,Data1,1,Data2,37
09:47:09,MsgId,7,Data0,2,Data1,1,Data2,11
09:47:09,MsgId,7,Data0,3,Data1,0,Data2,244
09:47:09,MsgId,7,Data0,4,Data1,1,Data2,8
09:47:09,MsgId,5
09:47:09,MsgId,51,Data0,4,Data1,254
09:47:09,MsgId,1
09:52:04,MsgId,6,Data0,1,Data1,1,Data2,4,Data3,76
09:52:04,MsgId,6,Data0,1,Data1,2,Data2,12,Data3,128
09:52:05,MsgId,6,Data0,1,Data1,3,Data2,20,Data3,180
09:52:05,MsgId,6,Data0,1,Data1,4,Data2,29,Data3,76
09:52:05,MsgId,6,Data0,1,Data1,5,Data2,37,Data3,28
09:52:05,MsgId,6,Data0,2,Data1,1,Data2,7,Data3,8
09:52:05,MsgId,6,Data0,2,Data1,2,Data2,14,Data3,216
09:52:06,MsgId,6,Data0,2,Data1,3,Data2,23,Data3,12
09:52:06,MsgId,6,Data0,2,Data1,4,Data2,31,Data3,220
09:52:06,MsgId,6,Data0,2,Data1,5,Data2,37,Data3,28
09:52:06,MsgId,6,Data0,3,Data1,1,Data2,6,Data3,164
09:52:07,MsgId,6,Data0,3,Data1,2,Data2,15,Data3,60
09:52:07,MsgId,6,Data0,3,Data1,3,Data2,22,Data3,224
09:52:07,MsgId,6,Data0,3,Data1,4,Data2,29,Data3,176
09:52:07,MsgId,6,Data0,3,Data1,5,Data2,37,Data3,128
09:52:07,MsgId,6,Data0,4,Data1,1,Data2,5,Data3,120
09:52:08,MsgId,6,Data0,4,Data1,2,Data2,12,Data3,228
09:52:08,MsgId,6,Data0,4,Data1,3,Data2,21,Data3,124
09:52:08,MsgId,6,Data0,4,Data1,4,Data2,29,Data3,76
09:52:08,MsgId,6,Data0,4,Data1,5,Data2,37,Data3,128
09:52:08,MsgId,7,Data0,1,Data1,1,Data2,95
09:52:09,MsgId,7,Data0,2,Data1,1,Data2,62
09:52:09,MsgId,7,Data0,3,Data1,1,Data2,22
09:52:09,MsgId,7,Data0,4,Data1,1,Data2,64
09:52:09,MsgId,5
09:52:09,MsgId,51,Data0,6,Data1,144
09:52:09,MsgId,1
09:57:04,MsgId,6,Data0,1,Data1,1,Data2,6,Data3,64
09:57:05,MsgId,6,Data0,1,Data1,2,Data2,14,Data3,116
09:57:05,MsgId,6,Data0,1,Data1,3,Data2,22,Data3,68
09:57:05,MsgId,6,Data0,1,Data1,4,Data2,31,Data3,220
09:57:05,MsgId,6,Data0,1,Data1,5,Data2,38,Data3,72
09:57:05,MsgId,6,Data0,2,Data1,1,Data2,7,Data3,8
09:57:06,MsgId,6,Data0,2,Data1,2,Data2,15,Data3,216
09:57:06,MsgId,6,Data0,2,Data1,3,Data2,23,Data3,12
09:57:06,MsgId,6,Data0,2,Data1,4,Data2,31,Data3,64
09:57:06,MsgId,6,Data0,2,Data1,5,Data2,38,Data3,172
09:57:06,MsgId,6,Data0,3,Data1,1,Data2,7,Data3,8
09:57:07,MsgId,6,Data0,3,Data1,2,Data2,15,Data3,60
09:57:07,MsgId,6,Data0,3,Data1,3,Data2,23,Data3,12
09:57:07,MsgId,6,Data0,3,Data1,4,Data2,31,Data3,220
09:57:07,MsgId,6,Data0,3,Data1,5,Data2,39,Data3,16
09:57:07,MsgId,6,Data0,4,Data1,1,Data2,6,Data3,64
09:57:08,MsgId,6,Data0,4,Data1,2,Data2,14,Data3,216
09:57:08,MsgId,6,Data0,4,Data1,3,Data2,23,Data3,12
09:57:08,MsgId,6,Data0,4,Data1,4,Data2,30,Data3,120
09:57:08,MsgId,6,Data0,4,Data1,5,Data2,39,Data3,16
09:57:08,MsgId,7,Data0,1,Data1,1,Data2,95
09:57:09,MsgId,7,Data0,2,Data1,1,Data2,80
09:57:09,MsgId,7,Data0,3,Data1,1,Data2,33
09:57:09,MsgId,7,Data0,4,Data1,1,Data2,75
09:57:09,MsgId,5
09:57:09,MsgId,51,Data0,6,Data1,9
09:57:09,MsgId,1
10:02:04,MsgId,6,Data0,1,Data1,1,Data2,5,Data3,120
10:02:05,MsgId,6,Data0,1,Data1,2,Data2,13,Data3,172
10:02:05,MsgId,6,Data0,1,Data1,3,Data2,22,Data3,68
10:02:05,MsgId,6,Data0,1,Data1,4,Data2,31,Data3,220
10:02:05,MsgId,6,Data0,1,Data1,5,Data2,38,Data3,172
10:02:05,MsgId,6,Data0,2,Data1,1,Data2,7,Data3,8
10:02:06,MsgId,6,Data0,2,Data1,2,Data2,15,Data3,60
10:02:06,MsgId,6,Data0,2,Data1,3,Data2,23,Data3,212
10:02:06,MsgId,6,Data0,2,Data1,4,Data2,31,Data3,64
10:02:06,MsgId,6,Data0,2,Data1,5,Data2,39,Data3,172
10:02:06,MsgId,6,Data0,3,Data1,1,Data2,7,Data3,8
10:02:07,MsgId,6,Data0,3,Data1,2,Data2,15,Data3,160
10:02:07,MsgId,6,Data0,3,Data1,3,Data2,23,Data3,12
10:02:07,MsgId,6,Data0,3,Data1,4,Data2,31,Data3,64
10:02:07,MsgId,6,Data0,3,Data1,5,Data2,39,Data3,16
10:02:07,MsgId,6,Data0,4,Data1,1,Data2,6,Data3,164
10:02:08,MsgId,6,Data0,4,Data1,2,Data2,15,Data3,216
10:02:08,MsgId,6,Data0,4,Data1,3,Data2,23,Data3,112
10:02:08,MsgId,6,Data0,4,Data1,4,Data2,31,Data3,220
10:02:08,MsgId,6,Data0,4,Data1,5,Data2,39,Data3,16
10:02:08,MsgId,7,Data0,1,Data1,1,Data2,178
10:02:09,MsgId,7,Data0,2,Data1,1,Data2,149
10:02:09,MsgId,7,Data0,3,Data1,1,Data2,97
10:02:09,MsgId,7,Data0,4,Data1,1,Data2,151
10:02:09,MsgId,5
10:02:09,MsgId,51,Data0,8,Data1,18
10:02:09,MsgId,1
10:07:04,MsgId,6,Data0,1,Data1,1,Data2,6,Data3,220
10:07:05,MsgId,6,Data0,1,Data1,2,Data2,14,Data3,116
10:07:05,MsgId,6,Data0,1,Data1,3,Data2,22,Data3,168
10:07:05,MsgId,6,Data0,1,Data1,4,Data2,31,Data3,64
10:07:05,MsgId,6,Data0,1,Data1,5,Data2,39,Data3,16
10:07:05,MsgId,6,Data0,2,Data1,1,Data2,7,Data3,8
10:07:06,MsgId,6,Data0,2,Data1,2,Data2,15,Data3,60
10:07:06,MsgId,6,Data0,2,Data1,3,Data2,23,Data3,212
10:07:06,MsgId,6,Data0,2,Data1,4,Data2,31,Data3,164
10:07:06,MsgId,6,Data0,2,Data1,5,Data2,39,Data3,16
10:07:06,MsgId,6,Data0,3,Data1,1,Data2,7,Data3,8
10:07:07,MsgId,6,Data0,3,Data1,2,Data2,15,Data3,160
10:07:07,MsgId,6,Data0,3,Data1,3,Data2,23,Data3,12
10:07:07,MsgId,6,Data0,3,Data1,4,Data2,31,Data3,64
10:07:07,MsgId,6,Data0,3,Data1,5,Data2,39,Data3,116
10:07:07,MsgId,6,Data0,4,Data1,1,Data2,6,Data3,164
10:07:08,MsgId,6,Data0,4,Data1,2,Data2,15,Data3,216
10:07:08,MsgId,6,Data0,4,Data1,3,Data2,23,Data3,112
10:07:08,MsgId,6,Data0,4,Data1,4,Data2,31,Data3,64
10:07:08,MsgId,6,Data0,4,Data1,5,Data2,39,Data3,116
10:07:08,MsgId,7,Data0,1,Data1,1,Data2,193
10:07:09,MsgId,7,Data0,2,Data1,1,Data2,149
10:07:09,MsgId,7,Data0,3,Data1,1,Data2,86
10:07:09,MsgId,7,Data0,4,Data1,1,Data2,133
10:07:09,MsgId,5
10:07:09,MsgId,51,Data0,8,Data1,3
10:07:09,MsgId,1
10:12:04,MsgId,6,Data0,1,Data1,1,Data2,6,Data3,220
10:12:05,MsgId,6,Data0,1,Data1,2,Data2,14,Data3,216
10:12:05,MsgId,6,Data0,1,Data1,3,Data2,22,Data3,168
10:12:05,MsgId,6,Data0,1,Data1,4,Data2,31,Data3,164
10:12:05,MsgId,6,Data0,1,Data1,5,Data2,39,Data3,16
10:12:05,MsgId,6,Data0,2,Data1,1,Data2,7,Data3,8
10:12:06,MsgId,6,Data0,2,Data1,2,Data2,15,Data3,60
10:12:06,MsgId,6,Data0,2,Data1,3,Data2,24,Data3,212
10:12:06,MsgId,6,Data0,2,Data1,4,Data2,32,Data3,8
10:12:06,MsgId,6,Data0,2,Data1,5,Data2,39,Data3,16
10:12:06,MsgId,6,Data0,3,Data1,1,Data2,7,Data3,8
10:12:07,MsgId,6,Data0,3,Data1,2,Data2,15,Data3,160
10:12:07,MsgId,6,Data0,3,Data1,3,Data2,23,Data3,12
10:12:07,MsgId,6,Data0,3,Data1,4,Data2,31,Data3,64
10:12:07,MsgId,6,Data0,3,Data1,5,Data2,39,Data3,116
10:12:07,MsgId,6,Data0,4,Data1,1,Data2,6,Data3,164
10:12:08,MsgId,6,Data0,4,Data1,2,Data2,15,Data3,60
10:12:08,MsgId,6,Data0,4,Data1,3,Data2,23,Data3,212
10:12:08,MsgId,6,Data0,4,Data1,4,Data2,31,Data3,164
10:12:08,MsgId,6,Data0,4,Data1,5,Data2,39,Data3,216
10:12:08,MsgId,7,Data0,1,Data1,2,Data2,6
10:12:09,MsgId,7,Data0,2,Data1,1,Data2,178
10:12:09,MsgId,7,Data0,3,Data1,1,Data2,95
10:12:09,MsgId,7,Data0,4,Data1,1,Data2,162
10:12:09,MsgId,5
10:12:09,MsgId,51,Data0,9,Data1,44
10:12:09,MsgId,1
10:17:04,MsgId,6,Data0,1,Data1,1,Data2,6,Data3,64
10:17:05,MsgId,6,Data0,1,Data1,2,Data2,14,Data3,116
10:17:05,MsgId,6,Data0,1,Data1,3,Data2,22,Data3,168
10:17:05,MsgId,6,Data0,1,Data1,4,Data2,31,Data3,220
10:17:05,MsgId,6,Data0,1,Data1,5,Data2,38,Data3,72
10:17:05,MsgId,6,Data0,2,Data1,1,Data2,7,Data3,8
10:17:06,MsgId,6,Data0,2,Data1,2,Data2,15,Data3,60
10:17:06,MsgId,6,Data0,2,Data1,3,Data2,24,Data3,212
10:17:06,MsgId,6,Data0,2,Data1,4,Data2,32,Data3,8
10:17:06,MsgId,6,Data0,2,Data1,5,Data2,38,Data3,72
10:17:06,MsgId,6,Data0,3,Data1,1,Data2,7,Data3,8
10:17:07,MsgId,6,Data0,3,Data1,2,Data2,15,Data3,160
10:17:07,MsgId,6,Data0,3,Data1,3,Data2,22,Data3,68
10:17:07,MsgId,6,Data0,3,Data1,4,Data2,30,Data3,120
10:17:07,MsgId,6,Data0,3,Data1,5,Data2,38,Data3,172
10:17:07,MsgId,6,Data0,4,Data1,1,Data2,6,Data3,164
10:17:08,MsgId,6,Data0,4,Data1,2,Data2,15,Data3,60
10:17:08,MsgId,6,Data0,4,Data1,3,Data2,23,Data3,112
10:17:08,MsgId,6,Data0,4,Data1,4,Data2,31,Data3,64
10:17:08,MsgId,6,Data0,4,Data1,5,Data2,38,Data3,172
10:17:08,MsgId,7,Data0,1,Data1,3,Data2,46
10:17:09,MsgId,7,Data0,2,Data1,1,Data2,160
10:17:09,MsgId,7,Data0,3,Data1,1,Data2,77
10:17:09,MsgId,7,Data0,4,Data1,1,Data2,160
10:17:09,MsgId,5
10:17:09,MsgId,51,Data0,8,Data1,111
10:17:09,MsgId,1
10:22:04,MsgId,6,Data0,1,Data1,1,Data2,6,Data3,220
10:22:05,MsgId,6,Data0,1,Data1,2,Data2,14,Data3,172
10:22:05,MsgId,6,Data0,1,Data1,3,Data2,21,Data3,24
10:22:05,MsgId,6,Data0,1,Data1,4,Data2,29,Data3,232
10:22:05,MsgId,6,Data0,1,Data1,5,Data2,35,Data3,140
10:22:05,MsgId,6,Data0,2,Data1,1,Data2,6,Data3,64
10:22:06,MsgId,6,Data0,2,Data1,2,Data2,14,Data3,16
10:22:06,MsgId,6,Data0,2,Data1,3,Data2,22,Data3,224
10:22:06,MsgId,6,Data0,2,Data1,4,Data2,29,Data3,76
10:22:06,MsgId,6,Data0,2,Data1,5,Data2,35,Data3,140
10:22:06,MsgId,6,Data0,3,Data1,1,Data2,6,Data3,64
10:22:07,MsgId,6,Data0,3,Data1,2,Data2,14,Data3,16
10:22:07,MsgId,6,Data0,3,Data1,3,Data2,21,Data3,24
10:22:07,MsgId,6,Data0,3,Data1,4,Data2,28,Data3,132
10:22:07,MsgId,6,Data0,3,Data1,5,Data2,36,Data3,240
10:22:07,MsgId,6,Data0,4,Data1,1,Data2,6,Data3,64
10:22:08,MsgId,6,Data0,4,Data1,2,Data2,13,Data3,172
10:22:08,MsgId,6,Data0,4,Data1,3,Data2,21,Data3,124
10:22:08,MsgId,6,Data0,4,Data1,4,Data2,28,Data3,132
10:22:08,MsgId,6,Data0,4,Data1,5,Data2,36,Data3,240
10:22:08,MsgId,7,Data0,1,Data1,1,Data2,84
10:22:09,MsgId,7,Data0,2,Data1,1,Data2,26
10:22:09,MsgId,7,Data0,3,Data1,0,Data2,244
10:22:09,MsgId,7,Data0,4,Data1,1,Data2,22
10:22:09,MsgId,5
10:22:09,MsgId,51,Data0,3,Data1,220
10:22:09,MsgId,1
10:27:04,MsgId,6,Data0,1,Data1,1,Data2,5,Data3,120
10:27:05,MsgId,6,Data0,1,Data1,2,Data2,12,Data3,128
10:27:05,MsgId,6,Data0,1,Data1,3,Data2,19,Data3,36
10:27:05,MsgId,6,Data0,1,Data1,4,Data2,26,Data3,44
10:27:05,MsgId,6,Data0,1,Data1,5,Data2,32,Data3,108
10:27:05,MsgId,6,Data0,2,Data1,1,Data2,5,Data3,120
10:27:06,MsgId,6,Data0,2,Data1,2,Data2,12,Data3,128
10:27:06,MsgId,6,Data0,2,Data1,3,Data2,19,Data3,136
10:27:06,MsgId,6,Data0,2,Data1,4,Data2,26,Data3,44
10:27:06,MsgId,6,Data0,2,Data1,5,Data2,32,Data3,208
10:27:06,MsgId,6,Data0,3,Data1,1,Data2,5,Data3,120
10:27:07,MsgId,6,Data0,3,Data1,2,Data2,12,Data3,128
10:27:07,MsgId,6,Data0,3,Data1,3,Data2,19,Data3,36
10:27:07,MsgId,6,Data0,3,Data1,4,Data2,26,Data3,44
10:27:07,MsgId,6,Data0,3,Data1,5,Data2,33,Data3,208
10:27:07,MsgId,6,Data0,4,Data1,1,Data2,5,Data3,20
10:27:08,MsgId,6,Data0,4,Data1,2,Data2,12,Data3,128
10:27:08,MsgId,6,Data0,4,Data1,3,Data2,19,Data3,136
10:27:08,MsgId,6,Data0,4,Data1,4,Data2,26,Data3,200
10:27:08,MsgId,6,Data0,4,Data1,5,Data2,33,Data3,52
10:27:08,MsgId,7,Data0,1,Data1,0,Data2,255
10:27:09,MsgId,7,Data0,2,Data1,1,Data2,6
10:27:09,MsgId,7,Data0,3,Data1,0,Data2,247
10:27:09,MsgId,7,Data0,4,Data1,1,Data2,35
10:27:09,MsgId,5
10:27:09,MsgId,51,Data0,3,Data1,81
10:27:09,MsgId,1
10:32:04,MsgId,6,Data0,1,Data1,1,Data2,5,Data3,120
10:32:05,MsgId,6,Data0,1,Data1,2,Data2,12,Data3,128
10:32:05,MsgId,6,Data0,1,Data1,3,Data2,19,Data3,36
10:32:05,MsgId,6,Data0,1,Data1,4,Data2,26,Data3,44
10:32:05,MsgId,6,Data0,1,Data1,5,Data2,32,Data3,108
10:32:05,MsgId,6,Data0,2,Data1,1,Data2,5,Data3,120
10:32:06,MsgId,6,Data0,2,Data1,2,Data2,12,Data3,128
10:32:06,MsgId,6,Data0,2,Data1,3,Data2,19,Data3,136
10:32:06,MsgId,6,Data0,2,Data1,4,Data2,26,Data3,44
10:32:06,MsgId,6,Data0,2,Data1,5,Data2,32,Data3,208
10:32:06,MsgId,6,Data0,3,Data1,1,Data2,5,Data3,120
10:32:07,MsgId,6,Data0,3,Data1,2,Data2,12,Data3,128
10:32:07,MsgId,6,Data0,3,Data1,3,Data2,19,Data3,36
10:32:07,MsgId,6,Data0,3,Data1,4,Data2,26,Data3,44
10:32:07,MsgId,6,Data0,3,Data1,5,Data2,33,Data3,208
10:32:07,MsgId,6,Data0,4,Data1,1,Data2,5,Data3,20
10:32:08,MsgId,6,Data0,4,Data1,2,Data2,12,Data3,28
10:32:08,MsgId,6,Data0,4,Data1,3,Data2,19,Data3,136
10:32:08,MsgId,6,Data0,4,Data1,4,Data2,26,Data3,200
10:32:08,MsgId,6,Data0,4,Data1,5,Data2,33,Data3,208
10:32:08,MsgId,7,Data0,1,Data1,0,Data2,227
10:32:09,MsgId,7,Data0,2,Data1,0,Data2,244
10:32:09,MsgId,7,Data0,3,Data1,0,Data2,227
10:32:09,MsgId,7,Data0,4,Data1,1,Data2,8
10:32:09,MsgId,5
10:32:09,MsgId,51,Data0,3,Data1,50
10:32:09,MsgId,1
10:37:04,MsgId,6,Data0,1,Data1,1,Data2,5,Data3,120
10:37:05,MsgId,6,Data0,1,Data1,2,Data2,12,Data3,128
10:37:05,MsgId,6,Data0,1,Data1,3,Data2,19,Data3,36
10:37:05,MsgId,6,Data0,1,Data1,4,Data2,26,Data3,44
10:37:05,MsgId,6,Data0,1,Data1,5,Data2,32,Data3,108
10:37:05,MsgId,6,Data0,2,Data1,1,Data2,5,Data3,120
10:37:06,MsgId,6,Data0,2,Data1,2,Data2,12,Data3,28
10:37:06,MsgId,6,Data0,2,Data1,3,Data2,19,Data3,36
10:37:06,MsgId,6,Data0,2,Data1,4,Data2,26,Data3,44
10:37:06,MsgId,6,Data0,2,Data1,5,Data2,32,Data3,108
10:37:06,MsgId,6,Data0,3,Data1,1,Data2,5,Data3,120
10:37:07,MsgId,6,Data0,3,Data1,2,Data2,12,Data3,128
10:37:07,MsgId,6,Data0,3,Data1,3,Data2,19,Data3,36
10:37:07,MsgId,6,Data0,3,Data1,4,Data2,26,Data3,44
10:37:07,MsgId,6,Data0,3,Data1,5,Data2,32,Data3,208
10:37:07,MsgId,6,Data0,4,Data1,1,Data2,5,Data3,20
10:37:08,MsgId,6,Data0,4,Data1,2,Data2,12,Data3,28
10:37:08,MsgId,6,Data0,4,Data1,3,Data2,19,Data3,36
10:37:08,MsgId,6,Data0,4,Data1,4,Data2,25,Data3,200
10:37:08,MsgId,6,Data0,4,Data1,5,Data2,32,Data3,208
10:37:08,MsgId,7,Data0,1,Data1,1,Data2,17
10:37:09,MsgId,7,Data0,2,Data1,1,Data2,15
10:37:09,MsgId,7,Data0,3,Data1,0,Data2,249
10:37:09,MsgId,7,Data0,4,Data1,1,Data2,28
10:37:09,MsgId,5
10:37:09,MsgId,51,Data0,3,Data1,89
10:37:09,MsgId,1
10:42:04,MsgId,6,Data0,1,Data1,1,Data2,5,Data3,120
10:42:05,MsgId,6,Data0,1,Data1,2,Data2,12,Data3,228
10:42:05,MsgId,6,Data0,1,Data1,3,Data2,19,Data3,136
10:42:05,MsgId,6,Data0,1,Data1,4,Data2,26,Data3,144
10:42:05,MsgId,6,Data0,1,Data1,5,Data2,33,Data3,208
10:42:05,MsgId,6,Data0,2,Data1,1,Data2,5,Data3,120
10:42:06,MsgId,6,Data0,2,Data1,2,Data2,12,Data3,128
10:42:06,MsgId,6,Data0,2,Data1,3,Data2,19,Data3,136
10:42:06,MsgId,6,Data0,2,Data1,4,Data2,26,Data3,144
10:42:06,MsgId,6,Data0,2,Data1,5,Data2,33,Data3,208
10:42:06,MsgId,6,Data0,3,Data1,1,Data2,5,Data3,120
10:42:07,MsgId,6,Data0,3,Data1,2,Data2,13,Data3,228
10:42:07,MsgId,6,Data0,3,Data1,3,Data2,19,Data3,136
10:42:07,MsgId,6,Data0,3,Data1,4,Data2,26,Data3,44
10:42:07,MsgId,6,Data0,3,Data1,5,Data2,33,Data3,52
10:42:07,MsgId,6,Data0,4,Data1,1,Data2,5,Data3,120
10:42:08,MsgId,6,Data0,4,Data1,2,Data2,12,Data3,128
10:42:08,MsgId,6,Data0,4,Data1,3,Data2,19,Data3,136
10:42:08,MsgId,6,Data0,4,Data1,4,Data2,26,Data3,44
10:42:08,MsgId,6,Data0,4,Data1,5,Data2,33,Data3,52
10:42:08,MsgId,7,Data0,1,Data1,1,Data2,28
10:42:09,MsgId,7,Data0,2,Data1,1,Data2,55
10:42:09,MsgId,7,Data0,3,Data1,1,Data2,24
10:42:09,MsgId,7,Data0,4,Data1,1,Data2,66
10:42:09,MsgId,5
10:42:09,MsgId,51,Data0,3,Data1,163
10:42:09,MsgId,1
10:47:04,MsgId,6,Data0,1,Data1,1,Data2,5,Data3,120
10:47:05,MsgId,6,Data0,1,Data1,2,Data2,12,Data3,128
10:47:05,MsgId,6,Data0,1,Data1,3,Data2,19,Data3,36
10:47:05,MsgId,6,Data0,1,Data1,4,Data2,26,Data3,44
10:47:05,MsgId,6,Data0,1,Data1,5,Data2,32,Data3,108
10:47:05,MsgId,6,Data0,2,Data1,1,Data2,5,Data3,120
10:47:06,MsgId,6,Data0,2,Data1,2,Data2,12,Data3,28
10:47:06,MsgId,6,Data0,2,Data1,3,Data2,19,Data3,36
10:47:06,MsgId,6,Data0,2,Data1,4,Data2,26,Data3,44
10:47:06,MsgId,6,Data0,2,Data1,5,Data2,32,Data3,108
10:47:06,MsgId,6,Data0,3,Data1,1,Data2,5,Data3,120
10:47:07,MsgId,6,Data0,3,Data1,2,Data2,12,Data3,128
10:47:07,MsgId,6,Data0,3,Data1,3,Data2,19,Data3,36
10:47:07,MsgId,6,Data0,3,Data1,4,Data2,26,Data3,44
10:47:07,MsgId,6,Data0,3,Data1,5,Data2,33,Data3,208
10:47:07,MsgId,6,Data0,4,Data1,1,Data2,5,Data3,20
10:47:08,MsgId,6,Data0,4,Data1,2,Data2,12,Data3,28
10:47:08,MsgId,6,Data0,4,Data1,3,Data2,19,Data3,136
10:47:08,MsgId,6,Data0,4,Data1,4,Data2,26,Data3,200
10:47:08,MsgId,6,Data0,4,Data1,5,Data2,33,Data3,208
10:47:09,MsgId,7,Data0,1,Data1,1,Data2,71
10:47:09,MsgId,7,Data0,2,Data1,1,Data2,86
10:47:09,MsgId,7,Data0,3,Data1,1,Data2,68
10:47:09,MsgId,7,Data0,4,Data1,1,Data2,104
10:47:09,MsgId,5
10:47:09,MsgId,51,Data0,3,Data1,213
10:47:09,MsgId,1
10:52:04,MsgId,6,Data0,1,Data1,1,Data2,5,Data3,120
10:52:05,MsgId,6,Data0,1,Data1,2,Data2,13,Data3,228
10:52:05,MsgId,6,Data0,1,Data1,3,Data2,19,Data3,136
10:52:05,MsgId,6,Data0,1,Data1,4,Data2,27,Data3,244
10:52:05,MsgId,6,Data0,1,Data1,5,Data2,33,Data3,52
10:52:05,MsgId,6,Data0,2,Data1,1,Data2,5,Data3,220
10:52:06,MsgId,6,Data0,2,Data1,2,Data2,12,Data3,128
10:52:06,MsgId,6,Data0,2,Data1,3,Data2,19,Data3,236
10:52:06,MsgId,6,Data0,2,Data1,4,Data2,26,Data3,144
10:52:06,MsgId,6,Data0,2,Data1,5,Data2,33,Data3,52
10:52:06,MsgId,6,Data0,3,Data1,1,Data2,6,Data3,220
10:52:07,MsgId,6,Data0,3,Data1,2,Data2,13,Data3,228
10:52:07,MsgId,6,Data0,3,Data1,3,Data2,19,Data3,136
10:52:07,MsgId,6,Data0,3,Data1,4,Data2,26,Data3,144
10:52:07,MsgId,6,Data0,3,Data1,5,Data2,33,Data3,152
10:52:08,MsgId,6,Data0,4,Data1,1,Data2,5,Data3,120
10:52:08,MsgId,6,Data0,4,Data1,2,Data2,12,Data3,128
10:52:08,MsgId,6,Data0,4,Data1,3,Data2,19,Data3,236
10:52:08,MsgId,6,Data0,4,Data1,4,Data2,26,Data3,144
10:52:08,MsgId,6,Data0,4,Data1,5,Data2,33,Data3,152
10:52:09,MsgId,7,Data0,1,Data1,1,Data2,117
10:52:09,MsgId,7,Data0,2,Data1,1,Data2,135
10:52:09,MsgId,7,Data0,3,Data1,1,Data2,109
10:52:09,MsgId,7,Data0,4,Data1,1,Data2,153
10:52:09,MsgId,5
10:52:09,MsgId,51,Data0,4,Data1,65
10:52:09,MsgId,1
10:57:04,MsgId,6,Data0,1,Data1,1,Data2,5,Data3,120
10:57:05,MsgId,6,Data0,1,Data1,2,Data2,13,Data3,228
10:57:05,MsgId,6,Data0,1,Data1,3,Data2,20,Data3,236
10:57:05,MsgId,6,Data0,1,Data1,4,Data2,27,Data3,88
10:57:05,MsgId,6,Data0,1,Data1,5,Data2,33,Data3,152
10:57:05,MsgId,6,Data0,2,Data1,1,Data2,5,Data3,220
10:57:06,MsgId,6,Data0,2,Data1,2,Data2,12,Data3,228
10:57:06,MsgId,6,Data0,2,Data1,3,Data2,20,Data3,236
10:57:06,MsgId,6,Data0,2,Data1,4,Data2,27,Data3,244
10:57:06,MsgId,6,Data0,2,Data1,5,Data2,33,Data3,152
10:57:07,MsgId,6,Data0,3,Data1,1,Data2,6,Data3,220
10:57:07,MsgId,6,Data0,3,Data1,2,Data2,13,Data3,72
10:57:07,MsgId,6,Data0,3,Data1,3,Data2,20,Data3,236
10:57:07,MsgId,6,Data0,3,Data1,4,Data2,27,Data3,244
10:57:07,MsgId,6,Data0,3,Data1,5,Data2,34,Data3,252
10:57:08,MsgId,6,Data0,4,Data1,1,Data2,5,Data3,120
10:57:08,MsgId,6,Data0,4,Data1,2,Data2,12,Data3,228
10:57:08,MsgId,6,Data0,4,Data1,3,Data2,20,Data3,236
10:57:08,MsgId,6,Data0,4,Data1,4,Data2,27,Data3,244
10:57:08,MsgId,6,Data0,4,Data1,5,Data2,34,Data3,252
10:57:09,MsgId,7,Data0,1,Data1,1,Data2,182
10:57:09,MsgId,7,Data0,2,Data1,1,Data2,204
10:57:09,MsgId,7,Data0,3,Data1,1,Data2,173
10:57:09,MsgId,7,Data0,4,Data1,1,Data2,222
10:57:09,MsgId,5
10:57:09,MsgId,51,Data0,4,Data1,189
10:57:09,MsgId,1
11:02:04,MsgId,6,Data0,1,Data1,1,Data2,5,Data3,20
11:02:05,MsgId,6,Data0,1,Data1,2,Data2,12,Data3,128
11:02:05,MsgId,6,Data0,1,Data1,3,Data2,19,Data3,36
11:02:05,MsgId,6,Data0,1,Data1,4,Data2,26,Data3,44
11:02:05,MsgId,6,Data0,1,Data1,5,Data2,32,Data3,108
11:02:06,MsgId,6,Data0,2,Data1,1,Data2,5,Data3,120
11:02:06,MsgId,6,Data0,2,Data1,2,Data2,12,Data3,28
11:02:06,MsgId,6,Data0,2,Data1,3,Data2,19,Data3,36
11:02:06,MsgId,6,Data0,2,Data1,4,Data2,26,Data3,44
11:02:06,MsgId,6,Data0,2,Data1,5,Data2,32,Data3,108
11:02:07,MsgId,6,Data0,3,Data1,1,Data2,5,Data3,120
11:02:07,MsgId,6,Data0,3,Data1,2,Data2,13,Data3,228
11:02:07,MsgId,6,Data0,3,Data1,3,Data2,19,Data3,36
11:02:07,MsgId,6,Data0,3,Data1,4,Data2,26,Data3,200
11:02:07,MsgId,6,Data0,3,Data1,5,Data2,32,Data3,108
11:02:08,MsgId,6,Data0,4,Data1,1,Data2,5,Data3,120
11:02:08,MsgId,6,Data0,4,Data1,2,Data2,11,Data3,84
11:02:08,MsgId,6,Data0,4,Data1,3,Data2,18,Data3,192
11:02:08,MsgId,6,Data0,4,Data1,4,Data2,25,Data3,100
11:02:08,MsgId,6,Data0,4,Data1,5,Data2,32,Data3,208
11:02:09,MsgId,7,Data0,1,Data1,1,Data2,189
11:02:09,MsgId,7,Data0,2,Data1,1,Data2,209
11:02:09,MsgId,7,Data0,3,Data1,1,Data2,175
11:02:09,MsgId,7,Data0,4,Data1,1,Data2,191
11:02:09,MsgId,5
11:02:09,MsgId,51,Data0,4,Data1,150
11:02:09,MsgId,1
11:07:05,MsgId,6,Data0,1,Data1,1,Data2,5,Data3,120
11:07:05,MsgId,6,Data0,1,Data1,2,Data2,12,Data3,128
11:07:05,MsgId,6,Data0,1,Data1,3,Data2,19,Data3,136
11:07:05,MsgId,6,Data0,1,Data1,4,Data2,26,Data3,144
11:07:05,MsgId,6,Data0,1,Data1,5,Data2,33,Data3,208
11:07:06,MsgId,6,Data0,2,Data1,1,Data2,5,Data3,120
11:07:06,MsgId,6,Data0,2,Data1,2,Data2,12,Data3,128
11:07:06,MsgId,6,Data0,2,Data1,3,Data2,19,Data3,136
11:07:06,MsgId,6,Data0,2,Data1,4,Data2,26,Data3,144
11:07:06,MsgId,6,Data0,2,Data1,5,Data2,33,Data3,52
11:07:07,MsgId,6,Data0,3,Data1,1,Data2,5,Data3,220
11:07:07,MsgId,6,Data0,3,Data1,2,Data2,13,Data3,228
11:07:07,MsgId,6,Data0,3,Data1,3,Data2,19,Data3,136
11:07:07,MsgId,6,Data0,3,Data1,4,Data2,26,Data3,44
11:07:07,MsgId,6,Data0,3,Data1,5,Data2,33,Data3,52
11:07:08,MsgId,6,Data0,4,Data1,1,Data2,5,Data3,120
11:07:08,MsgId,6,Data0,4,Data1,2,Data2,12,Data3,184
11:07:08,MsgId,6,Data0,4,Data1,3,Data2,19,Data3,36
11:07:08,MsgId,6,Data0,4,Data1,4,Data2,26,Data3,200
11:07:08,MsgId,6,Data0,4,Data1,5,Data2,33,Data3,52
11:07:09,MsgId,7,Data0,1,Data1,1,Data2,218
11:07:09,MsgId,7,Data0,2,Data1,1,Data2,235
11:07:09,MsgId,7,Data0,3,Data1,1,Data2,204
11:07:09,MsgId,7,Data0,4,Data1,1,Data2,238
11:07:09,MsgId,5
11:07:09,MsgId,51,Data0,4,Data1,212
11:07:09,MsgId,1
11:12:05,MsgId,6,Data0,1,Data1,1,Data2,5,Data3,120
11:12:05,MsgId,6,Data0,1,Data1,2,Data2,12,Data3,228
11:12:05,MsgId,6,Data0,1,Data1,3,Data2,19,Data3,136
11:12:05,MsgId,6,Data0,1,Data1,4,Data2,26,Data3,144
11:12:05,MsgId,6,Data0,1,Data1,5,Data2,33,Data3,52
11:12:06,MsgId,6,Data0,2,Data1,1,Data2,5,Data3,120
11:12:06,MsgId,6,Data0,2,Data1,2,Data2,12,Data3,128
11:12:06,MsgId,6,Data0,2,Data1,3,Data2,19,Data3,136
11:12:06,MsgId,6,Data0,2,Data1,4,Data2,26,Data3,144
11:12:06,MsgId,6,Data0,2,Data1,5,Data2,33,Data3,52
11:12:07,MsgId,6,Data0,3,Data1,1,Data2,6,Data3,220
11:12:07,MsgId,6,Data0,3,Data1,2,Data2,13,Data3,228
11:12:07,MsgId,6,Data0,3,Data1,3,Data2,19,Data3,136
11:12:07,MsgId,6,Data0,3,Data1,4,Data2,26,Data3,144
11:12:07,MsgId,6,Data0,3,Data1,5,Data2,33,Data3,152
11:12:08,MsgId,6,Data0,4,Data1,1,Data2,5,Data3,120
11:12:08,MsgId,6,Data0,4,Data1,2,Data2,12,Data3,184
11:12:08,MsgId,6,Data0,4,Data1,3,Data2,19,Data3,36
11:12:08,MsgId,6,Data0,4,Data1,4,Data2,26,Data3,44
11:12:08,MsgId,6,Data0,4,Data1,5,Data2,33,Data3,152
11:12:09,MsgId,7,Data0,1,Data1,2,Data2,40
11:12:09,MsgId,7,Data0,2,Data1,2,Data2,53
11:12:09,MsgId,7,Data0,3,Data1,2,Data2,15
11:12:09,MsgId,7,Data0,4,Data1,2,Data2,46
11:12:09,MsgId,5
11:12:09,MsgId,51,Data0,5,Data1,87
11:12:09,MsgId,1
11:17:05,MsgId,6,Data0,1,Data1,1,Data2,5,Data3,120
11:17:05,MsgId,6,Data0,1,Data1,2,Data2,12,Data3,128
11:17:05,MsgId,6,Data0,1,Data1,3,Data2,19,Data3,36
11:17:05,MsgId,6,Data0,1,Data1,4,Data2,26,Data3,44
11:17:05,MsgId,6,Data0,1,Data1,5,Data2,32,Data3,208
11:17:06,MsgId,6,Data0,2,Data1,1,Data2,5,Data3,220
11:17:06,MsgId,6,Data0,2,Data1,2,Data2,12,Data3,128
11:17:06,MsgId,6,Data0,2,Data1,3,Data2,19,Data3,236
11:17:06,MsgId,6,Data0,2,Data1,4,Data2,26,Data3,144
11:17:06,MsgId,6,Data0,2,Data1,5,Data2,32,Data3,208
11:17:07,MsgId,6,Data0,3,Data1,1,Data2,5,Data3,220
11:17:07,MsgId,6,Data0,3,Data1,2,Data2,13,Data3,228
11:17:07,MsgId,6,Data0,3,Data1,3,Data2,19,Data3,36
11:17:07,MsgId,6,Data0,3,Data1,4,Data2,26,Data3,44
11:17:07,MsgId,6,Data0,3,Data1,5,Data2,33,Data3,52
11:17:08,MsgId,6,Data0,4,Data1,1,Data2,5,Data3,120
11:17:08,MsgId,6,Data0,4,Data1,2,Data2,11,Data3,240
11:17:08,MsgId,6,Data0,4,Data1,3,Data2,18,Data3,92
11:17:08,MsgId,6,Data0,4,Data1,4,Data2,25,Data3,100
11:17:08,MsgId,6,Data0,4,Data1,5,Data2,33,Data3,52
11:17:09,MsgId,7,Data0,1,Data1,1,Data2,255
11:17:09,MsgId,7,Data0,2,Data1,2,Data2,8
11:17:09,MsgId,7,Data0,3,Data1,1,Data2,238
11:17:09,MsgId,7,Data0,4,Data1,1,Data2,238
11:17:09,MsgId,5
11:17:09,MsgId,51,Data0,5,Data1,25
11:17:09,MsgId,1
11:22:05,MsgId,6,Data0,1,Data1,1,Data2,5,Data3,120
11:22:05,MsgId,6,Data0,1,Data1,2,Data2,13,Data3,228
11:22:05,MsgId,6,Data0,1,Data1,3,Data2,19,Data3,136
11:22:05,MsgId,6,Data0,1,Data1,4,Data2,26,Data3,144
11:22:05,MsgId,6,Data0,1,Data1,5,Data2,33,Data3,52
11:22:06,MsgId,6,Data0,2,Data1,1,Data2,5,Data3,220
11:22:06,MsgId,6,Data0,2,Data1,2,Data2,12,Data3,228
11:22:06,MsgId,6,Data0,2,Data1,3,Data2,20,Data3,236
11:22:06,MsgId,6,Data0,2,Data1,4,Data2,27,Data3,244
11:22:06,MsgId,6,Data0,2,Data1,5,Data2,33,Data3,52
11:22:07,MsgId,6,Data0,3,Data1,1,Data2,6,Data3,220
11:22:07,MsgId,6,Data0,3,Data1,2,Data2,13,Data3,228
11:22:07,MsgId,6,Data0,3,Data1,3,Data2,19,Data3,136
11:22:07,MsgId,6,Data0,3,Data1,4,Data2,26,Data3,144
11:22:07,MsgId,6,Data0,3,Data1,5,Data2,33,Data3,152
11:22:08,MsgId,6,Data0,4,Data1,1,Data2,5,Data3,120
11:22:08,MsgId,6,Data0,4,Data1,2,Data2,11,Data3,184
11:22:08,MsgId,6,Data0,4,Data1,3,Data2,19,Data3,36
11:22:08,MsgId,6,Data0,4,Data1,4,Data2,26,Data3,44
11:22:08,MsgId,6,Data0,4,Data1,5,Data2,33,Data3,152
11:22:09,MsgId,7,Data0,1,Data1,1,Data2,184
11:22:09,MsgId,7,Data0,2,Data1,1,Data2,200
11:22:09,MsgId,7,Data0,3,Data1,1,Data2,169
11:22:09,MsgId,7,Data0,4,Data1,1,Data2,195
11:22:09,MsgId,5
11:22:09,MsgId,51,Data0,4,Data1,158
11:22:09,MsgId,1
11:27:05,MsgId,6,Data0,1,Data1,1,Data2,5,Data3,120
11:27:05,MsgId,6,Data0,1,Data1,2,Data2,12,Data3,228
11:27:05,MsgId,6,Data0,1,Data1,3,Data2,19,Data3,136
11:27:05,MsgId,6,Data0,1,Data1,4,Data2,26,Data3,244
11:27:05,MsgId,6,Data0,1,Data1,5,Data2,33,Data3,52
11:27:06,MsgId,6,Data0,2,Data1,1,Data2,5,Data3,220
11:27:06,MsgId,6,Data0,2,Data1,2,Data2,12,Data3,128
11:27:06,MsgId,6,Data0,2,Data1,3,Data2,20,Data3,236
11:27:06,MsgId,6,Data0,2,Data1,4,Data2,26,Data3,244
11:27:06,MsgId,6,Data0,2,Data1,5,Data2,33,Data3,52
11:27:07,MsgId,6,Data0,3,Data1,1,Data2,6,Data3,220
11:27:07,MsgId,6,Data0,3,Data1,2,Data2,13,Data3,228
11:27:07,MsgId,6,Data0,3,Data1,3,Data2,19,Data3,136
11:27:07,MsgId,6,Data0,3,Data1,4,Data2,26,Data3,144
11:27:07,MsgId,6,Data0,3,Data1,5,Data2,33,Data3,152
11:27:08,MsgId,6,Data0,4,Data1,1,Data2,5,Data3,120
11:27:08,MsgId,6,Data0,4,Data1,2,Data2,11,Data3,184
11:27:08,MsgId,6,Data0,4,Data1,3,Data2,19,Data3,36
11:27:08,MsgId,6,Data0,4,Data1,4,Data2,26,Data3,44
11:27:08,MsgId,6,Data0,4,Data1,5,Data2,33,Data3,152
11:27:09,MsgId,7,Data0,1,Data1,1,Data2,215
11:27:09,MsgId,7,Data0,2,Data1,1,Data2,227
11:27:09,MsgId,7,Data0,3,Data1,1,Data2,202
11:27:09,MsgId,7,Data0,4,Data1,1,Data2,215
11:27:09,MsgId,5
11:27:09,MsgId,51,Data0,4,Data1,246
11:27:09,MsgId,1
11:32:05,MsgId,6,Data0,1,Data1,1,Data2,6,Data3,64
11:32:05,MsgId,6,Data0,1,Data1,2,Data2,14,Data3,16
11:32:05,MsgId,6,Data0,1,Data1,3,Data2,21,Data3,24
11:32:05,MsgId,6,Data0,1,Data1,4,Data2,29,Data3,232
11:32:05,MsgId,6,Data0,1,Data1,5,Data2,35,Data3,240
11:32:06,MsgId,6,Data0,2,Data1,1,Data2,6,Data3,64
11:32:06,MsgId,6,Data0,2,Data1,2,Data2,13,Data3,172
11:32:06,MsgId,6,Data0,2,Data1,3,Data2,21,Data3,24
11:32:06,MsgId,6,Data0,2,Data1,4,Data2,28,Data3,232
11:32:06,MsgId,6,Data0,2,Data1,5,Data2,35,Data3,240
11:32:07,MsgId,6,Data0,3,Data1,1,Data2,6,Data3,64
11:32:07,MsgId,6,Data0,3,Data1,2,Data2,14,Data3,16
11:32:07,MsgId,6,Data0,3,Data1,3,Data2,21,Data3,24
11:32:07,MsgId,6,Data0,3,Data1,4,Data2,28,Data3,132
11:32:07,MsgId,6,Data0,3,Data1,5,Data2,36,Data3,240
11:32:08,MsgId,6,Data0,4,Data1,1,Data2,6,Data3,220
11:32:08,MsgId,6,Data0,4,Data1,2,Data2,13,Data3,172
11:32:08,MsgId,6,Data0,4,Data1,3,Data2,21,Data3,124
11:32:08,MsgId,6,Data0,4,Data1,4,Data2,28,Data3,132
11:32:08,MsgId,6,Data0,4,Data1,5,Data2,36,Data3,84
11:32:09,MsgId,7,Data0,1,Data1,1,Data2,166
11:32:09,MsgId,7,Data0,2,Data1,1,Data2,193
11:32:09,MsgId,7,Data0,3,Data1,1,Data2,153
11:32:09,MsgId,7,Data0,4,Data1,1,Data2,202
11:32:09,MsgId,5
11:32:09,MsgId,51,Data0,5,Data1,56
11:32:09,MsgId,1
11:37:05,MsgId,6,Data0,1,Data1,1,Data2,6,Data3,64
11:37:05,MsgId,6,Data0,1,Data1,2,Data2,14,Data3,116
11:37:05,MsgId,6,Data0,1,Data1,3,Data2,21,Data3,224
11:37:05,MsgId,6,Data0,1,Data1,4,Data2,29,Data3,176
11:37:05,MsgId,6,Data0,1,Data1,5,Data2,36,Data3,184
11:37:06,MsgId,6,Data0,2,Data1,1,Data2,6,Data3,64
11:37:06,MsgId,6,Data0,2,Data1,2,Data2,14,Data3,16
11:37:06,MsgId,6,Data0,2,Data1,3,Data2,21,Data3,224
11:37:06,MsgId,6,Data0,2,Data1,4,Data2,29,Data3,76
11:37:06,MsgId,6,Data0,2,Data1,5,Data2,36,Data3,184
11:37:07,MsgId,6,Data0,3,Data1,1,Data2,6,Data3,64
11:37:07,MsgId,6,Data0,3,Data1,2,Data2,14,Data3,16
11:37:07,MsgId,6,Data0,3,Data1,3,Data2,21,Data3,224
11:37:07,MsgId,6,Data0,3,Data1,4,Data2,29,Data3,76
11:37:07,MsgId,6,Data0,3,Data1,5,Data2,37,Data3,28
11:37:08,MsgId,6,Data0,4,Data1,1,Data2,6,Data3,64
11:37:08,MsgId,6,Data0,4,Data1,2,Data2,14,Data3,16
11:37:08,MsgId,6,Data0,4,Data1,3,Data2,22,Data3,224
11:37:08,MsgId,6,Data0,4,Data1,4,Data2,29,Data3,76
11:37:08,MsgId,6,Data0,4,Data1,5,Data2,37,Data3,28
11:37:09,MsgId,7,Data0,1,Data1,1,Data2,124
11:37:09,MsgId,7,Data0,2,Data1,1,Data2,144
11:37:09,MsgId,7,Data0,3,Data1,1,Data2,115
11:37:09,MsgId,7,Data0,4,Data1,1,Data2,178
11:37:09,MsgId,5
11:37:09,MsgId,51,Data0,5,Data1,64
11:37:09,MsgId,1
11:42:05,MsgId,6,Data0,1,Data1,1,Data2,6,Data3,164
11:42:05,MsgId,6,Data0,1,Data1,2,Data2,14,Data3,216
11:42:05,MsgId,6,Data0,1,Data1,3,Data2,22,Data3,68
11:42:05,MsgId,6,Data0,1,Data1,4,Data2,30,Data3,120
11:42:05,MsgId,6,Data0,1,Data1,5,Data2,37,Data3,128
11:42:06,MsgId,6,Data0,2,Data1,1,Data2,6,Data3,164
11:42:06,MsgId,6,Data0,2,Data1,2,Data2,14,Data3,116
11:42:06,MsgId,6,Data0,2,Data1,3,Data2,22,Data3,68
11:42:06,MsgId,6,Data0,2,Data1,4,Data2,30,Data3,20
11:42:06,MsgId,6,Data0,2,Data1,5,Data2,37,Data3,228
11:42:07,MsgId,6,Data0,3,Data1,1,Data2,6,Data3,164
11:42:07,MsgId,6,Data0,3,Data1,2,Data2,14,Data3,116
11:42:07,MsgId,6,Data0,3,Data1,3,Data2,22,Data3,68
11:42:07,MsgId,6,Data0,3,Data1,4,Data2,30,Data3,20
11:42:07,MsgId,6,Data0,3,Data1,5,Data2,38,Data3,228
11:42:08,MsgId,6,Data0,4,Data1,1,Data2,6,Data3,64
11:42:08,MsgId,6,Data0,4,Data1,2,Data2,14,Data3,116
11:42:08,MsgId,6,Data0,4,Data1,3,Data2,22,Data3,168
11:42:08,MsgId,6,Data0,4,Data1,4,Data2,30,Data3,20
11:42:08,MsgId,6,Data0,4,Data1,5,Data2,38,Data3,72
11:42:09,MsgId,7,Data0,1,Data1,1,Data2,91
11:42:09,MsgId,7,Data0,2,Data1,1,Data2,111
11:42:09,MsgId,7,Data0,3,Data1,1,Data2,71
11:42:09,MsgId,7,Data0,4,Data1,1,Data2,115
11:42:09,MsgId,5
11:42:09,MsgId,51,Data0,5,Data1,145
11:42:09,MsgId,1
11:47:05,MsgId,6,Data0,1,Data1,1,Data2,6,Data3,164
11:47:05,MsgId,6,Data0,1,Data1,2,Data2,15,Data3,216
11:47:05,MsgId,6,Data0,1,Data1,3,Data2,22,Data3,168
11:47:05,MsgId,6,Data0,1,Data1,4,Data2,31,Data3,220
11:47:05,MsgId,6,Data0,1,Data1,5,Data2,38,Data3,72
11:47:06,MsgId,6,Data0,2,Data1,1,Data2,6,Data3,164
11:47:06,MsgId,6,Data0,2,Data1,2,Data2,14,Data3,116
11:47:06,MsgId,6,Data0,2,Data1,3,Data2,22,Data3,168
11:47:06,MsgId,6,Data0,2,Data1,4,Data2,30,Data3,120
11:47:06,MsgId,6,Data0,2,Data1,5,Data2,38,Data3,72
11:47:07,MsgId,6,Data0,3,Data1,1,Data2,6,Data3,164
11:47:07,MsgId,6,Data0,3,Data1,2,Data2,14,Data3,216
11:47:07,MsgId,6,Data0,3,Data1,3,Data2,22,Data3,168
11:47:07,MsgId,6,Data0,3,Data1,4,Data2,30,Data3,120
11:47:07,MsgId,6,Data0,3,Data1,5,Data2,38,Data3,172
11:47:08,MsgId,6,Data0,4,Data1,1,Data2,6,Data3,164
11:47:08,MsgId,6,Data0,4,Data1,2,Data2,14,Data3,116
11:47:08,MsgId,6,Data0,4,Data1,3,Data2,22,Data3,168
11:47:08,MsgId,6,Data0,4,Data1,4,Data2,30,Data3,120
11:47:08,MsgId,6,Data0,4,Data1,5,Data2,38,Data3,172
11:47:09,MsgId,7,Data0,1,Data1,1,Data2,62
11:47:09,MsgId,7,Data0,2,Data1,1,Data2,82
11:47:09,MsgId,7,Data0,3,Data1,1,Data2,28
11:47:09,MsgId,7,Data0,4,Data1,1,Data2,104
11:47:09,MsgId,5
11:47:09,MsgId,51,Data0,5,Data1,203
11:47:09,MsgId,1
11:52:05,MsgId,6,Data0,1,Data1,1,Data2,6,Data3,164
11:52:05,MsgId,6,Data0,1,Data1,2,Data2,15,Data3,216
11:52:05,MsgId,6,Data0,1,Data1,3,Data2,22,Data3,168
11:52:05,MsgId,6,Data0,1,Data1,4,Data2,31,Data3,220
11:52:05,MsgId,6,Data0,1,Data1,5,Data2,38,Data3,228
11:52:06,MsgId,6,Data0,2,Data1,1,Data2,6,Data3,164
11:52:06,MsgId,6,Data0,2,Data1,2,Data2,14,Data3,116
11:52:06,MsgId,6,Data0,2,Data1,3,Data2,22,Data3,168
11:52:06,MsgId,6,Data0,2,Data1,4,Data2,30,Data3,120
11:52:06,MsgId,6,Data0,2,Data1,5,Data2,38,Data3,72
11:52:07,MsgId,6,Data0,3,Data1,1,Data2,6,Data3,164
11:52:07,MsgId,6,Data0,3,Data1,2,Data2,14,Data3,216
11:52:07,MsgId,6,Data0,3,Data1,3,Data2,22,Data3,168
11:52:07,MsgId,6,Data0,3,Data1,4,Data2,30,Data3,120
11:52:07,MsgId,6,Data0,3,Data1,5,Data2,38,Data3,72
11:52:08,MsgId,6,Data0,4,Data1,1,Data2,6,Data3,64
11:52:08,MsgId,6,Data0,4,Data1,2,Data2,14,Data3,116
11:52:08,MsgId,6,Data0,4,Data1,3,Data2,22,Data3,168
11:52:08,MsgId,6,Data0,4,Data1,4,Data2,30,Data3,120
11:52:08,MsgId,6,Data0,4,Data1,5,Data2,38,Data3,172
11:52:09,MsgId,7,Data0,1,Data1,1,Data2,44
11:52:09,MsgId,7,Data0,2,Data1,1,Data2,66
11:52:09,MsgId,7,Data0,3,Data1,1,Data2,15
11:52:09,MsgId,7,Data0,4,Data1,1,Data2,82
11:52:09,MsgId,5
11:52:09,MsgId,51,Data0,5,Data1,141
11:52:09,MsgId,1
11:57:05,MsgId,6,Data0,1,Data1,1,Data2,6,Data3,164
11:57:05,MsgId,6,Data0,1,Data1,2,Data2,15,Data3,60
11:57:05,MsgId,6,Data0,1,Data1,3,Data2,23,Data3,12
11:57:05,MsgId,6,Data0,1,Data1,4,Data2,31,Data3,64
11:57:05,MsgId,6,Data0,1,Data1,5,Data2,38,Data3,172
11:57:06,MsgId,6,Data0,2,Data1,1,Data2,6,Data3,164
11:57:06,MsgId,6,Data0,2,Data1,2,Data2,14,Data3,216
11:57:06,MsgId,6,Data0,2,Data1,3,Data2,23,Data3,12
11:57:06,MsgId,6,Data0,2,Data1,4,Data2,31,Data3,64
11:57:06,MsgId,6,Data0,2,Data1,5,Data2,39,Data3,172
11:57:07,MsgId,6,Data0,3,Data1,1,Data2,6,Data3,164
11:57:07,MsgId,6,Data0,3,Data1,2,Data2,15,Data3,216
11:57:07,MsgId,6,Data0,3,Data1,3,Data2,23,Data3,12
11:57:07,MsgId,6,Data0,3,Data1,4,Data2,31,Data3,64
11:57:07,MsgId,6,Data0,3,Data1,5,Data2,39,Data3,16
11:57:08,MsgId,6,Data0,4,Data1,1,Data2,6,Data3,164
11:57:08,MsgId,6,Data0,4,Data1,2,Data2,15,Data3,216
11:57:08,MsgId,6,Data0,4,Data1,3,Data2,23,Data3,12
11:57:08,MsgId,6,Data0,4,Data1,4,Data2,31,Data3,220
11:57:08,MsgId,6,Data0,4,Data1,5,Data2,39,Data3,16
11:57:09,MsgId,7,Data0,1,Data1,1,Data2,8
11:57:09,MsgId,7,Data0,2,Data1,1,Data2,42
11:57:09,MsgId,7,Data0,3,Data1,0,Data2,240
11:57:09,MsgId,7,Data0,4,Data1,1,Data2,53
11:57:09,MsgId,5
11:57:09,MsgId,51,Data0,6,Data1,51
11:57:09,MsgId,1
12:02:05,MsgId,6,Data0,1,Data1,1,Data2,7,Data3,8
12:02:05,MsgId,6,Data0,1,Data1,2,Data2,15,Data3,60
12:02:05,MsgId,6,Data0,1,Data1,3,Data2,23,Data3,112
12:02:05,MsgId,6,Data0,1,Data1,4,Data2,31,Data3,164
12:02:05,MsgId,6,Data0,1,Data1,5,Data2,39,Data3,16
12:02:06,MsgId,6,Data0,2,Data1,1,Data2,7,Data3,8
12:02:06,MsgId,6,Data0,2,Data1,2,Data2,15,Data3,216
12:02:06,MsgId,6,Data0,2,Data1,3,Data2,23,Data3,112
12:02:06,MsgId,6,Data0,2,Data1,4,Data2,31,Data3,164
12:02:06,MsgId,6,Data0,2,Data1,5,Data2,39,Data3,116
12:02:07,MsgId,6,Data0,3,Data1,1,Data2,6,Data3,164
12:02:07,MsgId,6,Data0,3,Data1,2,Data2,15,Data3,60
12:02:07,MsgId,6,Data0,3,Data1,3,Data2,23,Data3,112
12:02:07,MsgId,6,Data0,3,Data1,4,Data2,31,Data3,164
12:02:07,MsgId,6,Data0,3,Data1,5,Data2,39,Data3,116
12:02:08,MsgId,6,Data0,4,Data1,1,Data2,6,Data3,164
12:02:08,MsgId,6,Data0,4,Data1,2,Data2,15,Data3,60
12:02:08,MsgId,6,Data0,4,Data1,3,Data2,23,Data3,212
12:02:08,MsgId,6,Data0,4,Data1,4,Data2,31,Data3,64
12:02:08,MsgId,6,Data0,4,Data1,5,Data2,39,Data3,216
12:02:09,MsgId,7,Data0,1,Data1,0,Data2,255
12:02:09,MsgId,7,Data0,2,Data1,1,Data2,17
12:02:09,MsgId,7,Data0,3,Data1,0,Data2,213
12:02:09,MsgId,7,Data0,4,Data1,1,Data2,77
12:02:09,MsgId,5
12:02:09,MsgId,51,Data0,6,Data1,148
12:02:09,MsgId,1
12:07:05,MsgId,6,Data0,1,Data1,1,Data2,7,Data3,108
12:07:05,MsgId,6,Data0,1,Data1,2,Data2,16,Data3,4
12:07:05,MsgId,6,Data0,1,Data1,3,Data2,24,Data3,156
12:07:05,MsgId,6,Data0,1,Data1,4,Data2,33,Data3,152
12:07:05,MsgId,6,Data0,1,Data1,5,Data2,41,Data3,104
12:07:06,MsgId,6,Data0,2,Data1,1,Data2,7,Data3,108
12:07:06,MsgId,6,Data0,2,Data1,2,Data2,16,Data3,160
12:07:06,MsgId,6,Data0,2,Data1,3,Data2,24,Data3,156
12:07:06,MsgId,6,Data0,2,Data1,4,Data2,33,Data3,52
12:07:06,MsgId,6,Data0,2,Data1,5,Data2,41,Data3,104
12:07:07,MsgId,6,Data0,3,Data1,1,Data2,7,Data3,108
12:07:07,MsgId,6,Data0,3,Data1,2,Data2,16,Data3,4
12:07:07,MsgId,6,Data0,3,Data1,3,Data2,24,Data3,156
12:07:07,MsgId,6,Data0,3,Data1,4,Data2,33,Data3,52
12:07:07,MsgId,6,Data0,3,Data1,5,Data2,41,Data3,204
12:07:08,MsgId,6,Data0,4,Data1,1,Data2,7,Data3,8
12:07:08,MsgId,6,Data0,4,Data1,2,Data2,16,Data3,4
12:07:08,MsgId,6,Data0,4,Data1,3,Data2,24,Data3,156
12:07:08,MsgId,6,Data0,4,Data1,4,Data2,33,Data3,208
12:07:08,MsgId,6,Data0,4,Data1,5,Data2,42,Data3,204
12:07:09,MsgId,7,Data0,1,Data1,0,Data2,235
12:07:09,MsgId,7,Data0,2,Data1,0,Data2,244
12:07:09,MsgId,7,Data0,3,Data1,0,Data2,135
12:07:09,MsgId,7,Data0,4,Data1,0,Data2,244
12:07:09,MsgId,5
12:07:09,MsgId,51,Data0,15,Data1,73
12:07:09,MsgId,1
12:12:05,MsgId,6,Data0,1,Data1,1,Data2,7,Data3,8
12:12:05,MsgId,6,Data0,1,Data1,2,Data2,15,Data3,160
12:12:05,MsgId,6,Data0,1,Data1,3,Data2,23,Data3,112
12:12:05,MsgId,6,Data0,1,Data1,4,Data2,32,Data3,8
12:12:05,MsgId,6,Data0,1,Data1,5,Data2,39,Data3,216
12:12:06,MsgId,6,Data0,2,Data1,1,Data2,7,Data3,8
12:12:06,MsgId,6,Data0,2,Data1,2,Data2,15,Data3,60
12:12:06,MsgId,6,Data0,2,Data1,3,Data2,23,Data3,212
12:12:06,MsgId,6,Data0,2,Data1,4,Data2,31,Data3,164
12:12:06,MsgId,6,Data0,2,Data1,5,Data2,40,Data3,216
12:12:07,MsgId,6,Data0,3,Data1,1,Data2,7,Data3,8
12:12:07,MsgId,6,Data0,3,Data1,2,Data2,15,Data3,60
12:12:07,MsgId,6,Data0,3,Data1,3,Data2,23,Data3,112
12:12:07,MsgId,6,Data0,3,Data1,4,Data2,32,Data3,8
12:12:07,MsgId,6,Data0,3,Data1,5,Data2,40,Data3,60
12:12:08,MsgId,6,Data0,4,Data1,1,Data2,6,Data3,164
12:12:08,MsgId,6,Data0,4,Data1,2,Data2,15,Data3,60
12:12:08,MsgId,6,Data0,4,Data1,3,Data2,23,Data3,212
12:12:08,MsgId,6,Data0,4,Data1,4,Data2,31,Data3,164
12:12:08,MsgId,6,Data0,4,Data1,5,Data2,40,Data3,60
12:12:09,MsgId,7,Data0,1,Data1,0,Data2,218
12:12:09,MsgId,7,Data0,2,Data1,0,Data2,213
12:12:09,MsgId,7,Data0,3,Data1,0,Data2,175
12:12:09,MsgId,7,Data0,4,Data1,0,Data2,240
12:12:09,MsgId,5
12:12:09,MsgId,51,Data0,8,Data1,169
12:12:09,MsgId,1
12:17:05,MsgId,6,Data0,1,Data1,1,Data2,7,Data3,8
12:17:05,MsgId,6,Data0,1,Data1,2,Data2,15,Data3,160
12:17:05,MsgId,6,Data0,1,Data1,3,Data2,24,Data3,212
12:17:05,MsgId,6,Data0,1,Data1,4,Data2,32,Data3,208
12:17:05,MsgId,6,Data0,1,Data1,5,Data2,40,Data3,60
12:17:06,MsgId,6,Data0,2,Data1,1,Data2,7,Data3,8
12:17:06,MsgId,6,Data0,2,Data1,2,Data2,15,Data3,60
12:17:06,MsgId,6,Data0,2,Data1,3,Data2,24,Data3,212
12:17:06,MsgId,6,Data0,2,Data1,4,Data2,32,Data3,108
12:17:06,MsgId,6,Data0,2,Data1,5,Data2,40,Data3,60
12:17:07,MsgId,6,Data0,3,Data1,1,Data2,7,Data3,8
12:17:07,MsgId,6,Data0,3,Data1,2,Data2,15,Data3,160
12:17:07,MsgId,6,Data0,3,Data1,3,Data2,24,Data3,212
12:17:07,MsgId,6,Data0,3,Data1,4,Data2,32,Data3,108
12:17:07,MsgId,6,Data0,3,Data1,5,Data2,40,Data3,160
12:17:08,MsgId,6,Data0,4,Data1,1,Data2,7,Data3,8
12:17:08,MsgId,6,Data0,4,Data1,2,Data2,15,Data3,160
12:17:08,MsgId,6,Data0,4,Data1,3,Data2,24,Data3,56
12:17:08,MsgId,6,Data0,4,Data1,4,Data2,32,Data3,8
12:17:09,MsgId,6,Data0,4,Data1,5,Data2,41,Data3,4
12:17:09,MsgId,7,Data0,1,Data1,0,Data2,209
12:17:09,MsgId,7,Data0,2,Data1,0,Data2,229
12:17:09,MsgId,7,Data0,3,Data1,0,Data2,151
12:17:09,MsgId,7,Data0,4,Data1,0,Data2,227
12:17:09,MsgId,5
12:17:09,MsgId,51,Data0,14,Data1,113
12:17:09,MsgId,1
12:22:05,MsgId,6,Data0,1,Data1,1,Data2,6,Data3,164
12:22:05,MsgId,6,Data0,1,Data1,2,Data2,14,Data3,216
12:22:05,MsgId,6,Data0,1,Data1,3,Data2,22,Data3,68
12:22:05,MsgId,6,Data0,1,Data1,4,Data2,30,Data3,120
12:22:05,MsgId,6,Data0,1,Data1,5,Data2,37,Data3,128
12:22:06,MsgId,6,Data0,2,Data1,1,Data2,6,Data3,164
12:22:06,MsgId,6,Data0,2,Data1,2,Data2,14,Data3,116
12:22:06,MsgId,6,Data0,2,Data1,3,Data2,22,Data3,68
12:22:06,MsgId,6,Data0,2,Data1,4,Data2,30,Data3,20
12:22:06,MsgId,6,Data0,2,Data1,5,Data2,37,Data3,228
12:22:07,MsgId,6,Data0,3,Data1,1,Data2,6,Data3,164
12:22:07,MsgId,6,Data0,3,Data1,2,Data2,14,Data3,116
12:22:07,MsgId,6,Data0,3,Data1,3,Data2,22,Data3,68
12:22:07,MsgId,6,Data0,3,Data1,4,Data2,30,Data3,20
12:22:08,MsgId,6,Data0,3,Data1,5,Data2,38,Data3,72
12:22:08,MsgId,6,Data0,4,Data1,1,Data2,6,Data3,64
12:22:08,MsgId,6,Data0,4,Data1,2,Data2,14,Data3,116
12:22:08,MsgId,6,Data0,4,Data1,3,Data2,22,Data3,168
12:22:08,MsgId,6,Data0,4,Data1,4,Data2,30,Data3,20
12:22:09,MsgId,6,Data0,4,Data1,5,Data2,38,Data3,72
12:22:09,MsgId,7,Data0,1,Data1,0,Data2,204
12:22:09,MsgId,7,Data0,2,Data1,0,Data2,227
12:22:09,MsgId,7,Data0,3,Data1,0,Data2,178
12:22:09,MsgId,7,Data0,4,Data1,0,Data2,233
12:22:09,MsgId,5
12:22:09,MsgId,51,Data0,5,Data1,137
12:22:09,MsgId,1
12:27:05,MsgId,6,Data0,1,Data1,1,Data2,6,Data3,164
12:27:05,MsgId,6,Data0,1,Data1,2,Data2,14,Data3,216
12:27:05,MsgId,6,Data0,1,Data1,3,Data2,22,Data3,168
12:27:05,MsgId,6,Data0,1,Data1,4,Data2,31,Data3,220
12:27:06,MsgId,6,Data0,1,Data1,5,Data2,38,Data3,72
12:27:06,MsgId,6,Data0,2,Data1,1,Data2,6,Data3,164
12:27:06,MsgId,6,Data0,2,Data1,2,Data2,14,Data3,116
12:27:06,MsgId,6,Data0,2,Data1,3,Data2,23,Data3,168
12:27:06,MsgId,6,Data0,2,Data1,4,Data2,30,Data3,220
12:27:07,MsgId,6,Data0,2,Data1,5,Data2,38,Data3,72
12:27:07,MsgId,6,Data0,3,Data1,1,Data2,6,Data3,164
12:27:07,MsgId,6,Data0,3,Data1,2,Data2,15,Data3,216
12:27:07,MsgId,6,Data0,3,Data1,3,Data2,22,Data3,168
12:27:07,MsgId,6,Data0,3,Data1,4,Data2,30,Data3,220
12:27:08,MsgId,6,Data0,3,Data1,5,Data2,38,Data3,172
12:27:08,MsgId,6,Data0,4,Data1,1,Data2,6,Data3,164
12:27:08,MsgId,6,Data0,4,Data1,2,Data2,14,Data3,216
12:27:08,MsgId,6,Data0,4,Data1,3,Data2,23,Data3,12
12:27:08,MsgId,6,Data0,4,Data1,4,Data2,30,Data3,120
12:27:09,MsgId,6,Data0,4,Data1,5,Data2,38,Data3,172
12:27:09,MsgId,7,Data0,1,Data1,0,Data2,198
12:27:09,MsgId,7,Data0,2,Data1,0,Data2,218
12:27:09,MsgId,7,Data0,3,Data1,0,Data2,155
12:27:09,MsgId,7,Data0,4,Data1,0,Data2,220
12:27:09,MsgId,5
12:27:09,MsgId,51,Data0,5,Data1,164
12:27:09,MsgId,1
12:32:05,MsgId,6,Data0,1,Data1,1,Data2,7,Data3,8
12:32:05,MsgId,6,Data0,1,Data1,2,Data2,15,Data3,160
12:32:05,MsgId,6,Data0,1,Data1,3,Data2,23,Data3,212
12:32:05,MsgId,6,Data0,1,Data1,4,Data2,32,Data3,108
12:32:06,MsgId,6,Data0,1,Data1,5,Data2,40,Data3,216
12:32:06,MsgId,6,Data0,2,Data1,1,Data2,7,Data3,8
12:32:06,MsgId,6,Data0,2,Data1,2,Data2,15,Data3,60
12:32:06,MsgId,6,Data0,2,Data1,3,Data2,23,Data3,212
12:32:06,MsgId,6,Data0,2,Data1,4,Data2,32,Data3,8
12:32:07,MsgId,6,Data0,2,Data1,5,Data2,40,Data3,216
12:32:07,MsgId,6,Data0,3,Data1,1,Data2,7,Data3,8
12:32:07,MsgId,6,Data0,3,Data1,2,Data2,15,Data3,160
12:32:07,MsgId,6,Data0,3,Data1,3,Data2,23,Data3,212
12:32:07,MsgId,6,Data0,3,Data1,4,Data2,32,Data3,8
12:32:08,MsgId,6,Data0,3,Data1,5,Data2,40,Data3,60
12:32:08,MsgId,6,Data0,4,Data1,1,Data2,7,Data3,164
12:32:08,MsgId,6,Data0,4,Data1,2,Data2,15,Data3,60
12:32:08,MsgId,6,Data0,4,Data1,3,Data2,24,Data3,212
12:32:08,MsgId,6,Data0,4,Data1,4,Data2,31,Data3,164
12:32:09,MsgId,6,Data0,4,Data1,5,Data2,40,Data3,60
12:32:09,MsgId,7,Data0,1,Data1,0,Data2,164
12:32:09,MsgId,7,Data0,2,Data1,0,Data2,184
12:32:09,MsgId,7,Data0,3,Data1,0,Data2,129
12:32:09,MsgId,7,Data0,4,Data1,0,Data2,211
12:32:09,MsgId,5
12:32:09,MsgId,51,Data0,8,Data1,103
12:32:09,MsgId,1
12:37:05,MsgId,6,Data0,1,Data1,1,Data2,7,Data3,164
12:37:05,MsgId,6,Data0,1,Data1,2,Data2,15,Data3,60
12:37:05,MsgId,6,Data0,1,Data1,3,Data2,23,Data3,12
12:37:05,MsgId,6,Data0,1,Data1,4,Data2,31,Data3,164
12:37:06,MsgId,6,Data0,1,Data1,5,Data2,39,Data3,16
12:37:06,MsgId,6,Data0,2,Data1,1,Data2,7,Data3,8
12:37:06,MsgId,6,Data0,2,Data1,2,Data2,15,Data3,216
12:37:06,MsgId,6,Data0,2,Data1,3,Data2,23,Data3,112
12:37:06,MsgId,6,Data0,2,Data1,4,Data2,31,Data3,64
12:37:07,MsgId,6,Data0,2,Data1,5,Data2,39,Data3,16
12:37:07,MsgId,6,Data0,3,Data1,1,Data2,7,Data3,164
12:37:07,MsgId,6,Data0,3,Data1,2,Data2,15,Data3,60
12:37:07,MsgId,6,Data0,3,Data1,3,Data2,23,Data3,12
12:37:07,MsgId,6,Data0,3,Data1,4,Data2,31,Data3,64
12:37:08,MsgId,6,Data0,3,Data1,5,Data2,39,Data3,116
12:37:08,MsgId,6,Data0,4,Data1,1,Data2,6,Data3,164
12:37:08,MsgId,6,Data0,4,Data1,2,Data2,15,Data3,60
12:37:08,MsgId,6,Data0,4,Data1,3,Data2,23,Data3,112
12:37:08,MsgId,6,Data0,4,Data1,4,Data2,31,Data3,64
12:37:09,MsgId,6,Data0,4,Data1,5,Data2,39,Data3,116
12:37:09,MsgId,7,Data0,1,Data1,0,Data2,166
12:37:09,MsgId,7,Data0,2,Data1,0,Data2,175
12:37:09,MsgId,7,Data0,3,Data1,0,Data2,124
12:37:09,MsgId,7,Data0,4,Data1,0,Data2,195
12:37:09,MsgId,5
12:37:09,MsgId,51,Data0,6,Data1,186
12:37:09,MsgId,1
12:42:05,MsgId,6,Data0,1,Data1,1,Data2,6,Data3,164
12:42:05,MsgId,6,Data0,1,Data1,2,Data2,15,Data3,216
12:42:05,MsgId,6,Data0,1,Data1,3,Data2,22,Data3,168
12:42:05,MsgId,6,Data0,1,Data1,4,Data2,31,Data3,220
12:42:06,MsgId,6,Data0,1,Data1,5,Data2,38,Data3,228
12:42:06,MsgId,6,Data0,2,Data1,1,Data2,6,Data3,164
12:42:06,MsgId,6,Data0,2,Data1,2,Data2,14,Data3,116
12:42:06,MsgId,6,Data0,2,Data1,3,Data2,22,Data3,168
12:42:06,MsgId,6,Data0,2,Data1,4,Data2,30,Data3,120
12:42:07,MsgId,6,Data0,2,Data1,5,Data2,38,Data3,72
12:42:07,MsgId,6,Data0,3,Data1,1,Data2,6,Data3,164
12:42:07,MsgId,6,Data0,3,Data1,2,Data2,14,Data3,216
12:42:07,MsgId,6,Data0,3,Data1,3,Data2,22,Data3,168
12:42:07,MsgId,6,Data0,3,Data1,4,Data2,30,Data3,120
12:42:08,MsgId,6,Data0,3,Data1,5,Data2,38,Data3,72
12:42:08,MsgId,6,Data0,4,Data1,1,Data2,6,Data3,164
12:42:08,MsgId,6,Data0,4,Data1,2,Data2,14,Data3,116
12:42:08,MsgId,6,Data0,4,Data1,3,Data2,22,Data3,168
12:42:08,MsgId,6,Data0,4,Data1,4,Data2,30,Data3,120
12:42:09,MsgId,6,Data0,4,Data1,5,Data2,38,Data3,72
12:42:09,MsgId,7,Data0,1,Data1,0,Data2,153
12:42:09,MsgId,7,Data0,2,Data1,0,Data2,178
12:42:09,MsgId,7,Data0,3,Data1,0,Data2,138
12:42:09,MsgId,7,Data0,4,Data1,0,Data2,189
12:42:09,MsgId,5
12:42:09,MsgId,51,Data0,4,Data1,254
12:42:09,MsgId,1
12:47:05,MsgId,6,Data0,1,Data1,1,Data2,6,Data3,164
12:47:05,MsgId,6,Data0,1,Data1,2,Data2,14,Data3,216
12:47:05,MsgId,6,Data0,1,Data1,3,Data2,22,Data3,68
12:47:05,MsgId,6,Data0,1,Data1,4,Data2,30,Data3,120
12:47:06,MsgId,6,Data0,1,Data1,5,Data2,37,Data3,128
12:47:06,MsgId,6,Data0,2,Data1,1,Data2,6,Data3,164
12:47:06,MsgId,6,Data0,2,Data1,2,Data2,14,Data3,116
12:47:06,MsgId,6,Data0,2,Data1,3,Data2,22,Data3,68
12:47:06,MsgId,6,Data0,2,Data1,4,Data2,30,Data3,20
12:47:07,MsgId,6,Data0,2,Data1,5,Data2,37,Data3,128
12:47:07,MsgId,6,Data0,3,Data1,1,Data2,6,Data3,164
12:47:07,MsgId,6,Data0,3,Data1,2,Data2,14,Data3,116
12:47:07,MsgId,6,Data0,3,Data1,3,Data2,22,Data3,68
12:47:07,MsgId,6,Data0,3,Data1,4,Data2,30,Data3,20
12:47:08,MsgId,6,Data0,3,Data1,5,Data2,38,Data3,228
12:47:08,MsgId,6,Data0,4,Data1,1,Data2,6,Data3,64
12:47:08,MsgId,6,Data0,4,Data1,2,Data2,14,Data3,116
12:47:08,MsgId,6,Data0,4,Data1,3,Data2,22,Data3,68
12:47:08,MsgId,6,Data0,4,Data1,4,Data2,29,Data3,176
12:47:09,MsgId,6,Data0,4,Data1,5,Data2,38,Data3,228
12:47:09,MsgId,7,Data0,1,Data1,0,Data2,149
12:47:09,MsgId,7,Data0,2,Data1,0,Data2,169
12:47:09,MsgId,7,Data0,3,Data1,0,Data2,129
12:47:09,MsgId,7,Data0,4,Data1,0,Data2,182
12:47:09,MsgId,5
12:47:09,MsgId,51,Data0,4,Data1,92
12:47:09,MsgId,1
12:52:05,MsgId,6,Data0,1,Data1,1,Data2,6,Data3,164
12:52:05,MsgId,6,Data0,1,Data1,2,Data2,14,Data3,216
12:52:05,MsgId,6,Data0,1,Data1,3,Data2,22,Data3,68
12:52:05,MsgId,6,Data0,1,Data1,4,Data2,30,Data3,120
12:52:06,MsgId,6,Data0,1,Data1,5,Data2,37,Data3,228
12:52:06,MsgId,6,Data0,2,Data1,1,Data2,6,Data3,164
12:52:06,MsgId,6,Data0,2,Data1,2,Data2,14,Data3,116
12:52:06,MsgId,6,Data0,2,Data1,3,Data2,22,Data3,68
12:52:06,MsgId,6,Data0,2,Data1,4,Data2,30,Data3,20
12:52:07,MsgId,6,Data0,2,Data1,5,Data2,37,Data3,228
12:52:07,MsgId,6,Data0,3,Data1,1,Data2,6,Data3,164
12:52:07,MsgId,6,Data0,3,Data1,2,Data2,14,Data3,116
12:52:07,MsgId,6,Data0,3,Data1,3,Data2,22,Data3,68
12:52:07,MsgId,6,Data0,3,Data1,4,Data2,30,Data3,120
12:52:08,MsgId,6,Data0,3,Data1,5,Data2,38,Data3,72
12:52:08,MsgId,6,Data0,4,Data1,1,Data2,6,Data3,64
12:52:08,MsgId,6,Data0,4,Data1,2,Data2,14,Data3,116
12:52:08,MsgId,6,Data0,4,Data1,3,Data2,22,Data3,168
12:52:08,MsgId,6,Data0,4,Data1,4,Data2,30,Data3,20
12:52:09,MsgId,6,Data0,4,Data1,5,Data2,38,Data3,72
12:52:09,MsgId,7,Data0,1,Data1,0,Data2,189
12:52:09,MsgId,7,Data0,2,Data1,0,Data2,171
12:52:09,MsgId,7,Data0,3,Data1,0,Data2,122
12:52:09,MsgId,7,Data0,4,Data1,0,Data2,169
12:52:09,MsgId,5
12:52:09,MsgId,51,Data0,4,Data1,119
12:52:10,MsgId,1
12:57:05,MsgId,6,Data0,1,Data1,1,Data2,6,Data3,164
12:57:05,MsgId,6,Data0,1,Data1,2,Data2,15,Data3,216
12:57:05,MsgId,6,Data0,1,Data1,3,Data2,22,Data3,168
12:57:05,MsgId,6,Data0,1,Data1,4,Data2,31,Data3,220
12:57:06,MsgId,6,Data0,1,Data1,5,Data2,38,Data3,72
12:57:06,MsgId,6,Data0,2,Data1,1,Data2,6,Data3,164
12:57:06,MsgId,6,Data0,2,Data1,2,Data2,14,Data3,116
12:57:06,MsgId,6,Data0,2,Data1,3,Data2,22,Data3,168
12:57:06,MsgId,6,Data0,2,Data1,4,Data2,30,Data3,120
12:57:07,MsgId,6,Data0,2,Data1,5,Data2,38,Data3,72
12:57:07,MsgId,6,Data0,3,Data1,1,Data2,6,Data3,164
12:57:07,MsgId,6,Data0,3,Data1,2,Data2,14,Data3,216
12:57:07,MsgId,6,Data0,3,Data1,3,Data2,22,Data3,168
12:57:07,MsgId,6,Data0,3,Data1,4,Data2,30,Data3,120
12:57:08,MsgId,6,Data0,3,Data1,5,Data2,38,Data3,172
12:57:08,MsgId,6,Data0,4,Data1,1,Data2,6,Data3,164
12:57:08,MsgId,6,Data0,4,Data1,2,Data2,14,Data3,216
12:57:08,MsgId,6,Data0,4,Data1,3,Data2,23,Data3,168
12:57:08,MsgId,6,Data0,4,Data1,4,Data2,30,Data3,120
12:57:09,MsgId,6,Data0,4,Data1,5,Data2,38,Data3,172
12:57:09,MsgId,7,Data0,1,Data1,0,Data2,133
12:57:09,MsgId,7,Data0,2,Data1,0,Data2,153
12:57:09,MsgId,7,Data0,3,Data1,0,Data2,109
12:57:09,MsgId,7,Data0,4,Data1,0,Data2,166
12:57:09,MsgId,5
12:57:09,MsgId,51,Data0,4,Data1,200
12:57:10,MsgId,1
13:02:05,MsgId,6,Data0,1,Data1,1,Data2,6,Data3,164
13:02:05,MsgId,6,Data0,1,Data1,2,Data2,15,Data3,60
13:02:05,MsgId,6,Data0,1,Data1,3,Data2,23,Data3,12
13:02:05,MsgId,6,Data0,1,Data1,4,Data2,31,Data3,64
13:02:06,MsgId,6,Data0,1,Data1,5,Data2,38,Data3,172
13:02:06,MsgId,6,Data0,2,Data1,1,Data2,6,Data3,164
13:02:06,MsgId,6,Data0,2,Data1,2,Data2,14,Data3,216
13:02:06,MsgId,6,Data0,2,Data1,3,Data2,23,Data3,12
13:02:06,MsgId,6,Data0,2,Data1,4,Data2,31,Data3,220
13:02:07,MsgId,6,Data0,2,Data1,5,Data2,38,Data3,172
13:02:07,MsgId,6,Data0,3,Data1,1,Data2,6,Data3,164
13:02:07,MsgId,6,Data0,3,Data1,2,Data2,15,Data3,216
13:02:07,MsgId,6,Data0,3,Data1,3,Data2,23,Data3,168
13:02:07,MsgId,6,Data0,3,Data1,4,Data2,31,Data3,220
13:02:08,MsgId,6,Data0,3,Data1,5,Data2,39,Data3,16
13:02:08,MsgId,6,Data0,4,Data1,1,Data2,6,Data3,164
13:02:08,MsgId,6,Data0,4,Data1,2,Data2,15,Data3,216
13:02:08,MsgId,6,Data0,4,Data1,3,Data2,23,Data3,12
13:02:08,MsgId,6,Data0,4,Data1,4,Data2,30,Data3,220
13:02:09,MsgId,6,Data0,4,Data1,5,Data2,39,Data3,16
13:02:09,MsgId,7,Data0,1,Data1,0,Data2,140
13:02:09,MsgId,7,Data0,2,Data1,0,Data2,151
13:02:09,MsgId,7,Data0,3,Data1,0,Data2,104
13:02:09,MsgId,7,Data0,4,Data1,0,Data2,162
13:02:09,MsgId,5
13:02:09,MsgId,51,Data0,5,Data1,41
13:02:10,MsgId,1
13:07:05,MsgId,6,Data0,1,Data1,1,Data2,6,Data3,164
13:07:05,MsgId,6,Data0,1,Data1,2,Data2,15,Data3,60
13:07:05,MsgId,6,Data0,1,Data1,3,Data2,23,Data3,12
13:07:05,MsgId,6,Data0,1,Data1,4,Data2,31,Data3,64
13:07:06,MsgId,6,Data0,1,Data1,5,Data2,38,Data3,172
13:07:06,MsgId,6,Data0,2,Data1,1,Data2,6,Data3,164
13:07:06,MsgId,6,Data0,2,Data1,2,Data2,14,Data3,216
13:07:06,MsgId,6,Data0,2,Data1,3,Data2,23,Data3,12
13:07:06,MsgId,6,Data0,2,Data1,4,Data2,31,Data3,64
13:07:07,MsgId,6,Data0,2,Data1,5,Data2,39,Data3,172
13:07:07,MsgId,6,Data0,3,Data1,1,Data2,6,Data3,164
13:07:07,MsgId,6,Data0,3,Data1,2,Data2,15,Data3,216
13:07:07,MsgId,6,Data0,3,Data1,3,Data2,23,Data3,12
13:07:07,MsgId,6,Data0,3,Data1,4,Data2,31,Data3,64
13:07:08,MsgId,6,Data0,3,Data1,5,Data2,39,Data3,16
13:07:08,MsgId,6,Data0,4,Data1,1,Data2,6,Data3,164
13:07:08,MsgId,6,Data0,4,Data1,2,Data2,15,Data3,216
13:07:08,MsgId,6,Data0,4,Data1,3,Data2,23,Data3,12
13:07:08,MsgId,6,Data0,4,Data1,4,Data2,31,Data3,220
13:07:09,MsgId,6,Data0,4,Data1,5,Data2,39,Data3,16
13:07:09,MsgId,7,Data0,1,Data1,0,Data2,124
13:07:09,MsgId,7,Data0,2,Data1,0,Data2,155
13:07:09,MsgId,7,Data0,3,Data1,0,Data2,100
13:07:09,MsgId,7,Data0,4,Data1,0,Data2,153
13:07:09,MsgId,5
13:07:09,MsgId,51,Data0,5,Data1,75
13:07:10,MsgId,1
13:12:05,MsgId,6,Data0,1,Data1,1,Data2,6,Data3,164
13:12:05,MsgId,6,Data0,1,Data1,2,Data2,15,Data3,60
13:12:05,MsgId,6,Data0,1,Data1,3,Data2,23,Data3,168
13:12:05,MsgId,6,Data0,1,Data1,4,Data2,31,Data3,64
13:12:06,MsgId,6,Data0,1,Data1,5,Data2,38,Data3,172
13:12:06,MsgId,6,Data0,2,Data1,1,Data2,6,Data3,164
13:12:06,MsgId,6,Data0,2,Data1,2,Data2,14,Data3,216
13:12:06,MsgId,6,Data0,2,Data1,3,Data2,22,Data3,68
13:12:06,MsgId,6,Data0,2,Data1,4,Data2,31,Data3,220
13:12:07,MsgId,6,Data0,2,Data1,5,Data2,38,Data3,172
13:12:07,MsgId,6,Data0,3,Data1,1,Data2,6,Data3,164
13:12:07,MsgId,6,Data0,3,Data1,2,Data2,15,Data3,216
13:12:07,MsgId,6,Data0,3,Data1,3,Data2,23,Data3,12
13:12:07,MsgId,6,Data0,3,Data1,4,Data2,31,Data3,220
13:12:08,MsgId,6,Data0,3,Data1,5,Data2,39,Data3,16
13:12:08,MsgId,6,Data0,4,Data1,1,Data2,6,Data3,164
13:12:08,MsgId,6,Data0,4,Data1,2,Data2,15,Data3,216
13:12:08,MsgId,6,Data0,4,Data1,3,Data2,23,Data3,12
13:12:08,MsgId,6,Data0,4,Data1,4,Data2,30,Data3,220
13:12:09,MsgId,6,Data0,4,Data1,5,Data2,39,Data3,16
13:12:09,MsgId,7,Data0,1,Data1,0,Data2,115
13:12:09,MsgId,7,Data0,2,Data1,0,Data2,138
13:12:09,MsgId,7,Data0,3,Data1,0,Data2,100
13:12:09,MsgId,7,Data0,4,Data1,0,Data2,142
13:12:09,MsgId,5
13:12:10,MsgId,51,Data0,5,Data1,21
13:12:10,MsgId,1
13:17:05,MsgId,6,Data0,1,Data1,1,Data2,6,Data3,164
13:17:05,MsgId,6,Data0,1,Data1,2,Data2,15,Data3,60
13:17:05,MsgId,6,Data0,1,Data1,3,Data2,23,Data3,12
13:17:05,MsgId,6,Data0,1,Data1,4,Data2,31,Data3,64
13:17:06,MsgId,6,Data0,1,Data1,5,Data2,38,Data3,172
13:17:06,MsgId,6,Data0,2,Data1,1,Data2,6,Data3,164
13:17:06,MsgId,6,Data0,2,Data1,2,Data2,14,Data3,216
13:17:06,MsgId,6,Data0,2,Data1,3,Data2,23,Data3,12
13:17:06,MsgId,6,Data0,2,Data1,4,Data2,31,Data3,64
13:17:07,MsgId,6,Data0,2,Data1,5,Data2,39,Data3,172
13:17:07,MsgId,6,Data0,3,Data1,1,Data2,6,Data3,164
13:17:07,MsgId,6,Data0,3,Data1,2,Data2,15,Data3,216
13:17:07,MsgId,6,Data0,3,Data1,3,Data2,23,Data3,168
13:17:07,MsgId,6,Data0,3,Data1,4,Data2,31,Data3,64
13:17:08,MsgId,6,Data0,3,Data1,5,Data2,39,Data3,16
13:17:08,MsgId,6,Data0,4,Data1,1,Data2,6,Data3,164
13:17:08,MsgId,6,Data0,4,Data1,2,Data2,15,Data3,216
13:17:08,MsgId,6,Data0,4,Data1,3,Data2,23,Data3,12
13:17:08,MsgId,6,Data0,4,Data1,4,Data2,30,Data3,220
13:17:09,MsgId,6,Data0,4,Data1,5,Data2,39,Data3,16
13:17:09,MsgId,7,Data0,1,Data1,0,Data2,109
13:17:09,MsgId,7,Data0,2,Data1,0,Data2,138
13:17:09,MsgId,7,Data0,3,Data1,0,Data2,82
13:17:09,MsgId,7,Data0,4,Data1,0,Data2,138
13:17:10,MsgId,5
13:17:10,MsgId,51,Data0,5,Data1,33
13:17:10,MsgId,1
13:22:05,MsgId,6,Data0,1,Data1,1,Data2,6,Data3,164
13:22:05,MsgId,6,Data0,1,Data1,2,Data2,15,Data3,60
13:22:05,MsgId,6,Data0,1,Data1,3,Data2,23,Data3,12
13:22:05,MsgId,6,Data0,1,Data1,4,Data2,31,Data3,164
13:22:06,MsgId,6,Data0,1,Data1,5,Data2,39,Data3,16
13:22:06,MsgId,6,Data0,2,Data1,1,Data2,7,Data3,8
13:22:06,MsgId,6,Data0,2,Data1,2,Data2,15,Data3,216
13:22:06,MsgId,6,Data0,2,Data1,3,Data2,23,Data3,12
13:22:06,MsgId,6,Data0,2,Data1,4,Data2,31,Data3,64
13:22:07,MsgId,6,Data0,2,Data1,5,Data2,39,Data3,16
13:22:07,MsgId,6,Data0,3,Data1,1,Data2,6,Data3,164
13:22:07,MsgId,6,Data0,3,Data1,2,Data2,15,Data3,60
13:22:07,MsgId,6,Data0,3,Data1,3,Data2,23,Data3,12
13:22:07,MsgId,6,Data0,3,Data1,4,Data2,31,Data3,64
13:22:08,MsgId,6,Data0,3,Data1,5,Data2,39,Data3,116
13:22:08,MsgId,6,Data0,4,Data1,1,Data2,6,Data3,164
13:22:08,MsgId,6,Data0,4,Data1,2,Data2,15,Data3,60
13:22:08,MsgId,6,Data0,4,Data1,3,Data2,23,Data3,112
13:22:08,MsgId,6,Data0,4,Data1,4,Data2,31,Data3,64
13:22:09,MsgId,6,Data0,4,Data1,5,Data2,39,Data3,116
13:22:09,MsgId,7,Data0,1,Data1,0,Data2,102
13:22:09,MsgId,7,Data0,2,Data1,0,Data2,124
13:22:09,MsgId,7,Data0,3,Data1,0,Data2,73
13:22:09,MsgId,7,Data0,4,Data1,0,Data2,133
13:22:10,MsgId,5
13:22:10,MsgId,51,Data0,5,Data1,153
13:22:10,MsgId,1
13:27:05,MsgId,6,Data0,1,Data1,1,Data2,7,Data3,8
13:27:05,MsgId,6,Data0,1,Data1,2,Data2,15,Data3,60
13:27:05,MsgId,6,Data0,1,Data1,3,Data2,23,Data3,112
13:27:05,MsgId,6,Data0,1,Data1,4,Data2,32,Data3,8
13:27:06,MsgId,6,Data0,1,Data1,5,Data2,39,Data3,116
13:27:06,MsgId,6,Data0,2,Data1,1,Data2,7,Data3,8
13:27:06,MsgId,6,Data0,2,Data1,2,Data2,15,Data3,216
13:27:06,MsgId,6,Data0,2,Data1,3,Data2,23,Data3,112
13:27:06,MsgId,6,Data0,2,Data1,4,Data2,31,Data3,164
13:27:07,MsgId,6,Data0,2,Data1,5,Data2,39,Data3,116
13:27:07,MsgId,6,Data0,3,Data1,1,Data2,7,Data3,8
13:27:07,MsgId,6,Data0,3,Data1,2,Data2,15,Data3,60
13:27:07,MsgId,6,Data0,3,Data1,3,Data2,23,Data3,112
13:27:07,MsgId,6,Data0,3,Data1,4,Data2,31,Data3,164
13:27:08,MsgId,6,Data0,3,Data1,5,Data2,39,Data3,216
13:27:08,MsgId,6,Data0,4,Data1,1,Data2,6,Data3,164
13:27:08,MsgId,6,Data0,4,Data1,2,Data2,15,Data3,60
13:27:08,MsgId,6,Data0,4,Data1,3,Data2,23,Data3,112
13:27:08,MsgId,6,Data0,4,Data1,4,Data2,31,Data3,64
13:27:09,MsgId,6,Data0,4,Data1,5,Data2,40,Data3,216
13:27:09,MsgId,7,Data0,1,Data1,0,Data2,97
13:27:09,MsgId,7,Data0,2,Data1,0,Data2,115
13:27:09,MsgId,7,Data0,3,Data1,0,Data2,69
13:27:09,MsgId,7,Data0,4,Data1,0,Data2,102
13:27:10,MsgId,5
13:27:10,MsgId,51,Data0,6,Data1,51
13:27:10,MsgId,1
13:32:05,MsgId,6,Data0,1,Data1,1,Data2,7,Data3,8
13:32:05,MsgId,6,Data0,1,Data1,2,Data2,15,Data3,160
13:32:05,MsgId,6,Data0,1,Data1,3,Data2,23,Data3,112
13:32:05,MsgId,6,Data0,1,Data1,4,Data2,32,Data3,8
13:32:06,MsgId,6,Data0,1,Data1,5,Data2,39,Data3,216
13:32:06,MsgId,6,Data0,2,Data1,1,Data2,7,Data3,8
13:32:06,MsgId,6,Data0,2,Data1,2,Data2,15,Data3,60
13:32:06,MsgId,6,Data0,2,Data1,3,Data2,23,Data3,112
13:32:06,MsgId,6,Data0,2,Data1,4,Data2,31,Data3,164
13:32:07,MsgId,6,Data0,2,Data1,5,Data2,39,Data3,216
13:32:07,MsgId,6,Data0,3,Data1,1,Data2,7,Data3,8
13:32:07,MsgId,6,Data0,3,Data1,2,Data2,15,Data3,60
13:32:07,MsgId,6,Data0,3,Data1,3,Data2,23,Data3,112
13:32:07,MsgId,6,Data0,3,Data1,4,Data2,32,Data3,8
13:32:08,MsgId,6,Data0,3,Data1,5,Data2,40,Data3,216
13:32:08,MsgId,6,Data0,4,Data1,1,Data2,6,Data3,164
13:32:08,MsgId,6,Data0,4,Data1,2,Data2,15,Data3,60
13:32:08,MsgId,6,Data0,4,Data1,3,Data2,23,Data3,212
13:32:08,MsgId,6,Data0,4,Data1,4,Data2,31,Data3,164
13:32:09,MsgId,6,Data0,4,Data1,5,Data2,40,Data3,60
13:32:09,MsgId,7,Data0,1,Data1,0,Data2,40
13:32:09,MsgId,7,Data0,2,Data1,0,Data2,64
13:32:09,MsgId,7,Data0,3,Data1,0,Data2,15
13:32:10,MsgId,7,Data0,4,Data1,0,Data2,69
13:32:10,MsgId,5
13:32:10,MsgId,51,Data0,6,Data1,36
13:32:10,MsgId,1
13:37:05,MsgId,6,Data0,1,Data1,1,Data2,7,Data3,8
13:37:05,MsgId,6,Data0,1,Data1,2,Data2,15,Data3,160
13:37:05,MsgId,6,Data0,1,Data1,3,Data2,23,Data3,112
13:37:05,MsgId,6,Data0,1,Data1,4,Data2,32,Data3,8
13:37:06,MsgId,6,Data0,1,Data1,5,Data2,39,Data3,216
13:37:06,MsgId,6,Data0,2,Data1,1,Data2,7,Data3,8
13:37:06,MsgId,6,Data0,2,Data1,2,Data2,15,Data3,60
13:37:06,MsgId,6,Data0,2,Data1,3,Data2,23,Data3,212
13:37:06,MsgId,6,Data0,2,Data1,4,Data2,32,Data3,8
13:37:07,MsgId,6,Data0,2,Data1,5,Data2,40,Data3,216
13:37:07,MsgId,6,Data0,3,Data1,1,Data2,7,Data3,8
13:37:07,MsgId,6,Data0,3,Data1,2,Data2,15,Data3,160
13:37:07,MsgId,6,Data0,3,Data1,3,Data2,23,Data3,212
13:37:08,MsgId,6,Data0,3,Data1,4,Data2,32,Data3,8
13:37:08,MsgId,6,Data0,3,Data1,5,Data2,40,Data3,60
13:37:08,MsgId,6,Data0,4,Data1,1,Data2,6,Data3,164
13:37:08,MsgId,6,Data0,4,Data1,2,Data2,15,Data3,60
13:37:08,MsgId,6,Data0,4,Data1,3,Data2,23,Data3,212
13:37:09,MsgId,6,Data0,4,Data1,4,Data2,31,Data3,164
13:37:09,MsgId,6,Data0,4,Data1,5,Data2,40,Data3,60
13:37:09,MsgId,7,Data0,1,Data1,0,Data2,37
13:37:09,MsgId,7,Data0,2,Data1,0,Data2,48
13:37:09,MsgId,7,Data0,3,Data1,0,Data2,15
13:37:10,MsgId,7,Data0,4,Data1,0,Data2,71
13:37:10,MsgId,5
13:37:10,MsgId,51,Data0,6,Data1,156
13:37:10,MsgId,1
13:42:05,MsgId,6,Data0,1,Data1,1,Data2,7,Data3,8
13:42:05,MsgId,6,Data0,1,Data1,2,Data2,15,Data3,160
13:42:05,MsgId,6,Data0,1,Data1,3,Data2,23,Data3,112
13:42:06,MsgId,6,Data0,1,Data1,4,Data2,32,Data3,8
13:42:06,MsgId,6,Data0,1,Data1,5,Data2,39,Data3,116
13:42:06,MsgId,6,Data0,2,Data1,1,Data2,7,Data3,8
13:42:06,MsgId,6,Data0,2,Data1,2,Data2,15,Data3,60
13:42:06,MsgId,6,Data0,2,Data1,3,Data2,23,Data3,112
13:42:07,MsgId,6,Data0,2,Data1,4,Data2,31,Data3,164
13:42:07,MsgId,6,Data0,2,Data1,5,Data2,39,Data3,116
13:42:07,MsgId,6,Data0,3,Data1,1,Data2,7,Data3,8
13:42:07,MsgId,6,Data0,3,Data1,2,Data2,15,Data3,60
13:42:07,MsgId,6,Data0,3,Data1,3,Data2,23,Data3,112
13:42:08,MsgId,6,Data0,3,Data1,4,Data2,31,Data3,164
13:42:08,MsgId,6,Data0,3,Data1,5,Data2,40,Data3,216
13:42:08,MsgId,6,Data0,4,Data1,1,Data2,6,Data3,164
13:42:08,MsgId,6,Data0,4,Data1,2,Data2,15,Data3,60
13:42:08,MsgId,6,Data0,4,Data1,3,Data2,23,Data3,212
13:42:09,MsgId,6,Data0,4,Data1,4,Data2,31,Data3,164
13:42:09,MsgId,6,Data0,4,Data1,5,Data2,40,Data3,60
13:42:09,MsgId,7,Data0,1,Data1,0,Data2,37
13:42:09,MsgId,7,Data0,2,Data1,0,Data2,57
13:42:09,MsgId,7,Data0,3,Data1,0,Data2,11
13:42:10,MsgId,7,Data0,4,Data1,0,Data2,60
13:42:10,MsgId,5
13:42:10,MsgId,51,Data0,6,Data1,1
13:42:10,MsgId,1
13:47:05,MsgId,6,Data0,1,Data1,1,Data2,6,Data3,164
13:47:05,MsgId,6,Data0,1,Data1,2,Data2,15,Data3,60
13:47:05,MsgId,6,Data0,1,Data1,3,Data2,23,Data3,12
13:47:06,MsgId,6,Data0,1,Data1,4,Data2,31,Data3,164
13:47:06,MsgId,6,Data0,1,Data1,5,Data2,39,Data3,16
13:47:06,MsgId,6,Data0,2,Data1,1,Data2,7,Data3,8
13:47:06,MsgId,6,Data0,2,Data1,2,Data2,15,Data3,216
13:47:06,MsgId,6,Data0,2,Data1,3,Data2,23,Data3,112
13:47:07,MsgId,6,Data0,2,Data1,4,Data2,31,Data3,64
13:47:07,MsgId,6,Data0,2,Data1,5,Data2,39,Data3,16
13:47:07,MsgId,6,Data0,3,Data1,1,Data2,7,Data3,8
13:47:07,MsgId,6,Data0,3,Data1,2,Data2,15,Data3,60
13:47:07,MsgId,6,Data0,3,Data1,3,Data2,23,Data3,12
13:47:08,MsgId,6,Data0,3,Data1,4,Data2,31,Data3,64
13:47:08,MsgId,6,Data0,3,Data1,5,Data2,39,Data3,116
13:47:08,MsgId,6,Data0,4,Data1,1,Data2,6,Data3,164
13:47:08,MsgId,6,Data0,4,Data1,2,Data2,15,Data3,60
13:47:08,MsgId,6,Data0,4,Data1,3,Data2,23,Data3,112
13:47:09,MsgId,6,Data0,4,Data1,4,Data2,31,Data3,64
13:47:09,MsgId,6,Data0,4,Data1,5,Data2,39,Data3,116
13:47:09,MsgId,7,Data0,1,Data1,0,Data2,35
13:47:09,MsgId,7,Data0,2,Data1,0,Data2,57
13:47:09,MsgId,7,Data0,3,Data1,0,Data2,2
13:47:10,MsgId,7,Data0,4,Data1,0,Data2,60
13:47:10,MsgId,5
13:47:10,MsgId,51,Data0,5,Data1,45
13:47:10,MsgId,1
13:52:05,MsgId,6,Data0,1,Data1,1,Data2,7,Data3,8
13:52:05,MsgId,6,Data0,1,Data1,2,Data2,15,Data3,160
13:52:05,MsgId,6,Data0,1,Data1,3,Data2,24,Data3,212
13:52:06,MsgId,6,Data0,1,Data1,4,Data2,32,Data3,108
13:52:06,MsgId,6,Data0,1,Data1,5,Data2,40,Data3,60
13:52:06,MsgId,6,Data0,2,Data1,1,Data2,7,Data3,8
13:52:06,MsgId,6,Data0,2,Data1,2,Data2,15,Data3,60
13:52:06,MsgId,6,Data0,2,Data1,3,Data2,24,Data3,212
13:52:07,MsgId,6,Data0,2,Data1,4,Data2,32,Data3,8
13:52:07,MsgId,6,Data0,2,Data1,5,Data2,40,Data3,60
13:52:07,MsgId,6,Data0,3,Data1,1,Data2,7,Data3,8
13:52:07,MsgId,6,Data0,3,Data1,2,Data2,15,Data3,160
13:52:07,MsgId,6,Data0,3,Data1,3,Data2,24,Data3,212
13:52:08,MsgId,6,Data0,3,Data1,4,Data2,32,Data3,108
13:52:08,MsgId,6,Data0,3,Data1,5,Data2,40,Data3,160
13:52:08,MsgId,6,Data0,4,Data1,1,Data2,7,Data3,8
13:52:08,MsgId,6,Data0,4,Data1,2,Data2,15,Data3,160
13:52:08,MsgId,6,Data0,4,Data1,3,Data2,24,Data3,56
13:52:09,MsgId,6,Data0,4,Data1,4,Data2,32,Data3,8
13:52:09,MsgId,6,Data0,4,Data1,5,Data2,40,Data3,160
13:52:09,MsgId,7,Data0,1,Data1,0,Data2,28
13:52:09,MsgId,7,Data0,2,Data1,0,Data2,46
13:52:09,MsgId,7,Data0,3,Data1,0,Data2,0
13:52:10,MsgId,7,Data0,4,Data1,0,Data2,57
13:52:10,MsgId,5
13:52:10,MsgId,51,Data0,7,Data1,139
13:52:10,MsgId,1
13:57:05,MsgId,6,Data0,1,Data1,1,Data2,7,Data3,8
13:57:05,MsgId,6,Data0,1,Data1,2,Data2,15,Data3,60
13:57:05,MsgId,6,Data0,1,Data1,3,Data2,23,Data3,112
13:57:06,MsgId,6,Data0,1,Data1,4,Data2,32,Data3,8
13:57:06,MsgId,6,Data0,1,Data1,5,Data2,39,Data3,116
13:57:06,MsgId,6,Data0,2,Data1,1,Data2,7,Data3,8
13:57:06,MsgId,6,Data0,2,Data1,2,Data2,15,Data3,60
13:57:06,MsgId,6,Data0,2,Data1,3,Data2,23,Data3,112
13:57:07,MsgId,6,Data0,2,Data1,4,Data2,31,Data3,164
13:57:07,MsgId,6,Data0,2,Data1,5,Data2,39,Data3,116
13:57:07,MsgId,6,Data0,3,Data1,1,Data2,7,Data3,8
13:57:07,MsgId,6,Data0,3,Data1,2,Data2,15,Data3,60
13:57:07,MsgId,6,Data0,3,Data1,3,Data2,23,Data3,112
13:57:08,MsgId,6,Data0,3,Data1,4,Data2,31,Data3,164
13:57:08,MsgId,6,Data0,3,Data1,5,Data2,40,Data3,216
13:57:08,MsgId,6,Data0,4,Data1,1,Data2,6,Data3,164
13:57:08,MsgId,6,Data0,4,Data1,2,Data2,15,Data3,60
13:57:08,MsgId,6,Data0,4,Data1,3,Data2,23,Data3,112
13:57:09,MsgId,6,Data0,4,Data1,4,Data2,31,Data3,164
13:57:09,MsgId,6,Data0,4,Data1,5,Data2,40,Data3,216
13:57:09,MsgId,7,Data0,1,Data1,0,Data2,26
13:57:09,MsgId,7,Data0,2,Data1,0,Data2,48
13:57:09,MsgId,7,Data0,3,Data1,0,Data2,0
13:57:10,MsgId,7,Data0,4,Data1,0,Data2,60
13:57:10,MsgId,5
13:57:10,MsgId,51,Data0,5,Data1,245
13:57:10,MsgId,1
14:02:05,MsgId,6,Data0,1,Data1,1,Data2,7,Data3,164
14:02:05,MsgId,6,Data0,1,Data1,2,Data2,15,Data3,60
14:02:05,MsgId,6,Data0,1,Data1,3,Data2,23,Data3,12
14:02:06,MsgId,6,Data0,1,Data1,4,Data2,31,Data3,164
14:02:06,MsgId,6,Data0,1,Data1,5,Data2,39,Data3,16
14:02:06,MsgId,6,Data0,2,Data1,1,Data2,7,Data3,164
14:02:06,MsgId,6,Data0,2,Data1,2,Data2,15,Data3,216
14:02:06,MsgId,6,Data0,2,Data1,3,Data2,23,Data3,12
14:02:07,MsgId,6,Data0,2,Data1,4,Data2,31,Data3,64
14:02:07,MsgId,6,Data0,2,Data1,5,Data2,39,Data3,16
14:02:07,MsgId,6,Data0,3,Data1,1,Data2,6,Data3,164
14:02:07,MsgId,6,Data0,3,Data1,2,Data2,15,Data3,60
14:02:07,MsgId,6,Data0,3,Data1,3,Data2,23,Data3,12
14:02:08,MsgId,6,Data0,3,Data1,4,Data2,31,Data3,64
14:02:08,MsgId,6,Data0,3,Data1,5,Data2,39,Data3,116
14:02:08,MsgId,6,Data0,4,Data1,1,Data2,6,Data3,164
14:02:08,MsgId,6,Data0,4,Data1,2,Data2,15,Data3,216
14:02:08,MsgId,6,Data0,4,Data1,3,Data2,23,Data3,112
14:02:09,MsgId,6,Data0,4,Data1,4,Data2,31,Data3,64
14:02:09,MsgId,6,Data0,4,Data1,5,Data2,39,Data3,116
14:02:09,MsgId,7,Data0,1,Data1,0,Data2,15
14:02:09,MsgId,7,Data0,2,Data1,0,Data2,46
14:02:09,MsgId,7,Data0,3,Data1,0,Data2,11
14:02:10,MsgId,7,Data0,4,Data1,0,Data2,37
14:02:10,MsgId,5
14:02:10,MsgId,51,Data0,5,Data1,56
14:02:10,MsgId,1
14:07:05,MsgId,6,Data0,1,Data1,1,Data2,7,Data3,8
14:07:05,MsgId,6,Data0,1,Data1,2,Data2,15,Data3,60
14:07:05,MsgId,6,Data0,1,Data1,3,Data2,23,Data3,12
14:07:06,MsgId,6,Data0,1,Data1,4,Data2,31,Data3,164
14:07:06,MsgId,6,Data0,1,Data1,5,Data2,39,Data3,16
14:07:06,MsgId,6,Data0,2,Data1,1,Data2,7,Data3,8
14:07:06,MsgId,6,Data0,2,Data1,2,Data2,15,Data3,216
14:07:06,MsgId,6,Data0,2,Data1,3,Data2,23,Data3,12
14:07:07,MsgId,6,Data0,2,Data1,4,Data2,31,Data3,64
14:07:07,MsgId,6,Data0,2,Data1,5,Data2,39,Data3,16
14:07:07,MsgId,6,Data0,3,Data1,1,Data2,7,Data3,164
14:07:07,MsgId,6,Data0,3,Data1,2,Data2,15,Data3,60
14:07:07,MsgId,6,Data0,3,Data1,3,Data2,23,Data3,12
14:07:08,MsgId,6,Data0,3,Data1,4,Data2,31,Data3,64
14:07:08,MsgId,6,Data0,3,Data1,5,Data2,39,Data3,116
14:07:08,MsgId,6,Data0,4,Data1,1,Data2,6,Data3,164
14:07:08,MsgId,6,Data0,4,Data1,2,Data2,15,Data3,60
14:07:08,MsgId,6,Data0,4,Data1,3,Data2,23,Data3,112
14:07:09,MsgId,6,Data0,4,Data1,4,Data2,31,Data3,64
14:07:09,MsgId,6,Data0,4,Data1,5,Data2,39,Data3,216
14:07:09,MsgId,7,Data0,1,Data1,0,Data2,31
14:07:09,MsgId,7,Data0,2,Data1,0,Data2,46
14:07:09,MsgId,7,Data0,3,Data1,0,Data2,6
14:07:10,MsgId,7,Data0,4,Data1,0,Data2,33
14:07:10,MsgId,5
14:07:10,MsgId,51,Data0,5,Data1,64
14:07:10,MsgId,1
14:12:05,MsgId,6,Data0,1,Data1,1,Data2,7,Data3,8
14:12:05,MsgId,6,Data0,1,Data1,2,Data2,15,Data3,60
14:12:05,MsgId,6,Data0,1,Data1,3,Data2,23,Data3,12
14:12:06,MsgId,6,Data0,1,Data1,4,Data2,31,Data3,164
14:12:06,MsgId,6,Data0,1,Data1,5,Data2,39,Data3,16
14:12:06,MsgId,6,Data0,2,Data1,1,Data2,7,Data3,8
14:12:06,MsgId,6,Data0,2,Data1,2,Data2,15,Data3,216
14:12:06,MsgId,6,Data0,2,Data1,3,Data2,23,Data3,112
14:12:07,MsgId,6,Data0,2,Data1,4,Data2,31,Data3,64
14:12:07,MsgId,6,Data0,2,Data1,5,Data2,39,Data3,116
14:12:07,MsgId,6,Data0,3,Data1,1,Data2,6,Data3,164
14:12:07,MsgId,6,Data0,3,Data1,2,Data2,15,Data3,60
14:12:07,MsgId,6,Data0,3,Data1,3,Data2,23,Data3,112
14:12:08,MsgId,6,Data0,3,Data1,4,Data2,31,Data3,164
14:12:08,MsgId,6,Data0,3,Data1,5,Data2,39,Data3,116
14:12:08,MsgId,6,Data0,4,Data1,1,Data2,6,Data3,164
14:12:08,MsgId,6,Data0,4,Data1,2,Data2,15,Data3,60
14:12:08,MsgId,6,Data0,4,Data1,3,Data2,23,Data3,112
14:12:09,MsgId,6,Data0,4,Data1,4,Data2,31,Data3,64
14:12:09,MsgId,6,Data0,4,Data1,5,Data2,39,Data3,116
14:12:09,MsgId,7,Data0,1,Data1,0,Data2,22
14:12:09,MsgId,7,Data0,2,Data1,0,Data2,37
14:12:09,MsgId,7,Data0,3,Data1,0,Data2,2
14:12:10,MsgId,7,Data0,4,Data1,0,Data2,28
14:12:10,MsgId,5
14:12:10,MsgId,51,Data0,4,Data1,254
14:12:10,MsgId,1
14:17:05,MsgId,6,Data0,1,Data1,1,Data2,7,Data3,164
14:17:05,MsgId,6,Data0,1,Data1,2,Data2,15,Data3,60
14:17:05,MsgId,6,Data0,1,Data1,3,Data2,23,Data3,12
14:17:06,MsgId,6,Data0,1,Data1,4,Data2,31,Data3,164
14:17:06,MsgId,6,Data0,1,Data1,5,Data2,39,Data3,16
14:17:06,MsgId,6,Data0,2,Data1,1,Data2,7,Data3,8
14:17:06,MsgId,6,Data0,2,Data1,2,Data2,15,Data3,216
14:17:06,MsgId,6,Data0,2,Data1,3,Data2,23,Data3,12
14:17:07,MsgId,6,Data0,2,Data1,4,Data2,31,Data3,64
14:17:07,MsgId,6,Data0,2,Data1,5,Data2,39,Data3,16
14:17:07,MsgId,6,Data0,3,Data1,1,Data2,6,Data3,164
14:17:07,MsgId,6,Data0,3,Data1,2,Data2,15,Data3,60
14:17:07,MsgId,6,Data0,3,Data1,3,Data2,23,Data3,12
14:17:08,MsgId,6,Data0,3,Data1,4,Data2,31,Data3,64
14:17:08,MsgId,6,Data0,3,Data1,5,Data2,39,Data3,116
14:17:08,MsgId,6,Data0,4,Data1,1,Data2,6,Data3,164
14:17:08,MsgId,6,Data0,4,Data1,2,Data2,15,Data3,216
14:17:08,MsgId,6,Data0,4,Data1,3,Data2,23,Data3,112
14:17:09,MsgId,6,Data0,4,Data1,4,Data2,31,Data3,64
14:17:09,MsgId,6,Data0,4,Data1,5,Data2,39,Data3,116
14:17:09,MsgId,7,Data0,1,Data1,0,Data2,11
14:17:09,MsgId,7,Data0,2,Data1,0,Data2,33
14:17:09,MsgId,7,Data0,3,Data1,0,Data2,0
14:17:10,MsgId,7,Data0,4,Data1,0,Data2,13
14:17:10,MsgId,5
14:17:10,MsgId,51,Data0,4,Data1,254
14:17:10,MsgId,1
14:22:05,MsgId,6,Data0,1,Data1,1,Data2,7,Data3,164
14:22:05,MsgId,6,Data0,1,Data1,2,Data2,15,Data3,60
14:22:05,MsgId,6,Data0,1,Data1,3,Data2,23,Data3,12
14:22:06,MsgId,6,Data0,1,Data1,4,Data2,31,Data3,164
14:22:06,MsgId,6,Data0,1,Data1,5,Data2,39,Data3,16
14:22:06,MsgId,6,Data0,2,Data1,1,Data2,7,Data3,8
14:22:06,MsgId,6,Data0,2,Data1,2,Data2,15,Data3,216
14:22:06,MsgId,6,Data0,2,Data1,3,Data2,23,Data3,12
14:22:07,MsgId,6,Data0,2,Data1,4,Data2,31,Data3,64
14:22:07,MsgId,6,Data0,2,Data1,5,Data2,39,Data3,16
14:22:07,MsgId,6,Data0,3,Data1,1,Data2,7,Data3,164
14:22:07,MsgId,6,Data0,3,Data1,2,Data2,15,Data3,60
14:22:07,MsgId,6,Data0,3,Data1,3,Data2,23,Data3,12
14:22:08,MsgId,6,Data0,3,Data1,4,Data2,31,Data3,64
14:22:08,MsgId,6,Data0,3,Data1,5,Data2,39,Data3,116
14:22:08,MsgId,6,Data0,4,Data1,1,Data2,6,Data3,164
14:22:08,MsgId,6,Data0,4,Data1,2,Data2,15,Data3,60
14:22:08,MsgId,6,Data0,4,Data1,3,Data2,23,Data3,112
14:22:09,MsgId,6,Data0,4,Data1,4,Data2,31,Data3,64
14:22:09,MsgId,6,Data0,4,Data1,5,Data2,39,Data3,116
14:22:09,MsgId,7,Data0,1,Data1,0,Data2,17
14:22:09,MsgId,7,Data0,2,Data1,0,Data2,35
14:22:09,MsgId,7,Data0,3,Data1,0,Data2,0
14:22:10,MsgId,7,Data0,4,Data1,0,Data2,22
14:22:10,MsgId,5
14:22:10,MsgId,51,Data0,5,Data1,2
14:22:10,MsgId,1
14:27:05,MsgId,6,Data0,1,Data1,1,Data2,6,Data3,164
14:27:05,MsgId,6,Data0,1,Data1,2,Data2,15,Data3,60
14:27:05,MsgId,6,Data0,1,Data1,3,Data2,23,Data3,112
14:27:06,MsgId,6,Data0,1,Data1,4,Data2,31,Data3,164
14:27:06,MsgId,6,Data0,1,Data1,5,Data2,39,Data3,16
14:27:06,MsgId,6,Data0,2,Data1,1,Data2,7,Data3,8
14:27:06,MsgId,6,Data0,2,Data1,2,Data2,15,Data3,216
14:27:06,MsgId,6,Data0,2,Data1,3,Data2,23,Data3,12
14:27:07,MsgId,6,Data0,2,Data1,4,Data2,31,Data3,64
14:27:07,MsgId,6,Data0,2,Data1,5,Data2,39,Data3,16
14:27:07,MsgId,6,Data0,3,Data1,1,Data2,6,Data3,164
14:27:07,MsgId,6,Data0,3,Data1,2,Data2,15,Data3,60
14:27:07,MsgId,6,Data0,3,Data1,3,Data2,23,Data3,12
14:27:08,MsgId,6,Data0,3,Data1,4,Data2,31,Data3,64
14:27:08,MsgId,6,Data0,3,Data1,5,Data2,39,Data3,116
14:27:08,MsgId,6,Data0,4,Data1,1,Data2,6,Data3,164
14:27:08,MsgId,6,Data0,4,Data1,2,Data2,15,Data3,216
14:27:08,MsgId,6,Data0,4,Data1,3,Data2,23,Data3,112
14:27:09,MsgId,6,Data0,4,Data1,4,Data2,31,Data3,64
14:27:09,MsgId,6,Data0,4,Data1,5,Data2,39,Data3,116
14:27:09,MsgId,7,Data0,1,Data1,0,Data2,13
14:27:09,MsgId,7,Data0,2,Data1,0,Data2,28
14:27:09,MsgId,7,Data0,3,Data1,0,Data2,0
14:27:10,MsgId,7,Data0,4,Data1,0,Data2,22
14:27:10,MsgId,5
14:27:10,MsgId,51,Data0,4,Data1,204
14:27:10,MsgId,1
14:32:05,MsgId,6,Data0,1,Data1,1,Data2,7,Data3,8
14:32:05,MsgId,6,Data0,1,Data1,2,Data2,15,Data3,60
14:32:05,MsgId,6,Data0,1,Data1,3,Data2,23,Data3,112
14:32:06,MsgId,6,Data0,1,Data1,4,Data2,31,Data3,164
14:32:06,MsgId,6,Data0,1,Data1,5,Data2,39,Data3,16
14:32:06,MsgId,6,Data0,2,Data1,1,Data2,7,Data3,8
14:32:06,MsgId,6,Data0,2,Data1,2,Data2,15,Data3,216
14:32:06,MsgId,6,Data0,2,Data1,3,Data2,23,Data3,112
14:32:07,MsgId,6,Data0,2,Data1,4,Data2,31,Data3,64
14:32:07,MsgId,6,Data0,2,Data1,5,Data2,39,Data3,116
14:32:07,MsgId,6,Data0,3,Data1,1,Data2,7,Data3,8
14:32:07,MsgId,6,Data0,3,Data1,2,Data2,15,Data3,60
14:32:07,MsgId,6,Data0,3,Data1,3,Data2,23,Data3,12
14:32:08,MsgId,6,Data0,3,Data1,4,Data2,31,Data3,164
14:32:08,MsgId,6,Data0,3,Data1,5,Data2,39,Data3,116
14:32:08,MsgId,6,Data0,4,Data1,1,Data2,6,Data3,164
14:32:08,MsgId,6,Data0,4,Data1,2,Data2,15,Data3,60
14:32:08,MsgId,6,Data0,4,Data1,3,Data2,23,Data3,112
14:32:09,MsgId,6,Data0,4,Data1,4,Data2,31,Data3,64
14:32:09,MsgId,6,Data0,4,Data1,5,Data2,39,Data3,216
14:32:09,MsgId,7,Data0,1,Data1,0,Data2,11
14:32:09,MsgId,7,Data0,2,Data1,0,Data2,35
14:32:09,MsgId,7,Data0,3,Data1,0,Data2,0
14:32:10,MsgId,7,Data0,4,Data1,0,Data2,28
14:32:10,MsgId,5
14:32:10,MsgId,51,Data0,5,Data1,2
14:32:10,MsgId,1
14:37:05,MsgId,6,Data0,1,Data1,1,Data2,7,Data3,164
14:37:05,MsgId,6,Data0,1,Data1,2,Data2,15,Data3,60
14:37:05,MsgId,6,Data0,1,Data1,3,Data2,23,Data3,12
14:37:06,MsgId,6,Data0,1,Data1,4,Data2,31,Data3,164
14:37:06,MsgId,6,Data0,1,Data1,5,Data2,39,Data3,16
14:37:06,MsgId,6,Data0,2,Data1,1,Data2,7,Data3,8
14:37:06,MsgId,6,Data0,2,Data1,2,Data2,15,Data3,216
14:37:06,MsgId,6,Data0,2,Data1,3,Data2,23,Data3,12
14:37:07,MsgId,6,Data0,2,Data1,4,Data2,31,Data3,64
14:37:07,MsgId,6,Data0,2,Data1,5,Data2,39,Data3,16
14:37:07,MsgId,6,Data0,3,Data1,1,Data2,7,Data3,164
14:37:07,MsgId,6,Data0,3,Data1,2,Data2,15,Data3,60
14:37:07,MsgId,6,Data0,3,Data1,3,Data2,23,Data3,12
14:37:08,MsgId,6,Data0,3,Data1,4,Data2,31,Data3,64
14:37:08,MsgId,6,Data0,3,Data1,5,Data2,39,Data3,116
14:37:08,MsgId,6,Data0,4,Data1,1,Data2,6,Data3,164
14:37:08,MsgId,6,Data0,4,Data1,2,Data2,15,Data3,216
14:37:08,MsgId,6,Data0,4,Data1,3,Data2,23,Data3,112
14:37:09,MsgId,6,Data0,4,Data1,4,Data2,31,Data3,220
14:37:09,MsgId,6,Data0,4,Data1,5,Data2,39,Data3,116
14:37:09,MsgId,7,Data0,1,Data1,0,Data2,0
14:37:09,MsgId,7,Data0,2,Data1,0,Data2,35
14:37:09,MsgId,7,Data0,3,Data1,0,Data2,0
14:37:10,MsgId,7,Data0,4,Data1,0,Data2,22
14:37:10,MsgId,5
14:37:10,MsgId,51,Data0,4,Data1,150
14:37:10,MsgId,1
14:42:05,MsgId,6,Data0,1,Data1,1,Data2,7,Data3,8
14:42:05,MsgId,6,Data0,1,Data1,2,Data2,15,Data3,60
14:42:05,MsgId,6,Data0,1,Data1,3,Data2,23,Data3,12
14:42:06,MsgId,6,Data0,1,Data1,4,Data2,31,Data3,164
14:42:06,MsgId,6,Data0,1,Data1,5,Data2,39,Data3,16
14:42:06,MsgId,6,Data0,2,Data1,1,Data2,7,Data3,8
14:42:06,MsgId,6,Data0,2,Data1,2,Data2,15,Data3,216
14:42:06,MsgId,6,Data0,2,Data1,3,Data2,23,Data3,112
14:42:07,MsgId,6,Data0,2,Data1,4,Data2,31,Data3,64
14:42:07,MsgId,6,Data0,2,Data1,5,Data2,39,Data3,16
14:42:07,MsgId,6,Data0,3,Data1,1,Data2,7,Data3,164
14:42:07,MsgId,6,Data0,3,Data1,2,Data2,15,Data3,60
14:42:07,MsgId,6,Data0,3,Data1,3,Data2,23,Data3,12
14:42:08,MsgId,6,Data0,3,Data1,4,Data2,31,Data3,64
14:42:08,MsgId,6,Data0,3,Data1,5,Data2,39,Data3,116
14:42:08,MsgId,6,Data0,4,Data1,1,Data2,6,Data3,164
14:42:08,MsgId,6,Data0,4,Data1,2,Data2,15,Data3,216
14:42:08,MsgId,6,Data0,4,Data1,3,Data2,23,Data3,112
14:42:09,MsgId,6,Data0,4,Data1,4,Data2,31,Data3,64
14:42:09,MsgId,6,Data0,4,Data1,5,Data2,39,Data3,116
14:42:09,MsgId,7,Data0,1,Data1,0,Data2,4
14:42:09,MsgId,7,Data0,2,Data1,0,Data2,28
14:42:09,MsgId,7,Data0,3,Data1,0,Data2,2
14:42:10,MsgId,7,Data0,4,Data1,0,Data2,8
14:42:10,MsgId,5
14:42:10,MsgId,51,Data0,4,Data1,177
14:42:10,MsgId,1
14:47:05,MsgId,6,Data0,1,Data1,1,Data2,7,Data3,8
14:47:05,MsgId,6,Data0,1,Data1,2,Data2,15,Data3,160
14:47:05,MsgId,6,Data0,1,Data1,3,Data2,24,Data3,212
14:47:06,MsgId,6,Data0,1,Data1,4,Data2,32,Data3,208
14:47:06,MsgId,6,Data0,1,Data1,5,Data2,40,Data3,60
14:47:06,MsgId,6,Data0,2,Data1,1,Data2,7,Data3,8
14:47:06,MsgId,6,Data0,2,Data1,2,Data2,15,Data3,60
14:47:06,MsgId,6,Data0,2,Data1,3,Data2,24,Data3,212
14:47:07,MsgId,6,Data0,2,Data1,4,Data2,32,Data3,108
14:47:07,MsgId,6,Data0,2,Data1,5,Data2,40,Data3,60
14:47:07,MsgId,6,Data0,3,Data1,1,Data2,7,Data3,8
14:47:07,MsgId,6,Data0,3,Data1,2,Data2,15,Data3,160
14:47:07,MsgId,6,Data0,3,Data1,3,Data2,24,Data3,212
14:47:08,MsgId,6,Data0,3,Data1,4,Data2,32,Data3,108
14:47:08,MsgId,6,Data0,3,Data1,5,Data2,40,Data3,160
14:47:08,MsgId,6,Data0,4,Data1,1,Data2,7,Data3,8
14:47:08,MsgId,6,Data0,4,Data1,2,Data2,15,Data3,160
14:47:08,MsgId,6,Data0,4,Data1,3,Data2,24,Data3,212
14:47:09,MsgId,6,Data0,4,Data1,4,Data2,32,Data3,8
14:47:09,MsgId,6,Data0,4,Data1,5,Data2,40,Data3,160
14:47:09,MsgId,7,Data0,1,Data1,0,Data2,33
14:47:09,MsgId,7,Data0,2,Data1,0,Data2,17
14:47:10,MsgId,7,Data0,3,Data1,0,Data2,0
14:47:10,MsgId,7,Data0,4,Data1,0,Data2,0
14:47:10,MsgId,5
14:47:10,MsgId,51,Data0,7,Data1,93
14:47:10,MsgId,1
14:52:05,MsgId,6,Data0,1,Data1,1,Data2,7,Data3,8
14:52:05,MsgId,6,Data0,1,Data1,2,Data2,16,Data3,4
14:52:05,MsgId,6,Data0,1,Data1,3,Data2,24,Data3,56
14:52:06,MsgId,6,Data0,1,Data1,4,Data2,33,Data3,52
14:52:06,MsgId,6,Data0,1,Data1,5,Data2,41,Data3,4
14:52:06,MsgId,6,Data0,2,Data1,1,Data2,7,Data3,108
14:52:06,MsgId,6,Data0,2,Data1,2,Data2,15,Data3,160
14:52:06,MsgId,6,Data0,2,Data1,3,Data2,24,Data3,156
14:52:07,MsgId,6,Data0,2,Data1,4,Data2,33,Data3,208
14:52:07,MsgId,6,Data0,2,Data1,5,Data2,41,Data3,4
14:52:07,MsgId,6,Data0,3,Data1,1,Data2,7,Data3,108
14:52:07,MsgId,6,Data0,3,Data1,2,Data2,16,Data3,4
14:52:07,MsgId,6,Data0,3,Data1,3,Data2,24,Data3,156
14:52:08,MsgId,6,Data0,3,Data1,4,Data2,33,Data3,52
14:52:08,MsgId,6,Data0,3,Data1,5,Data2,41,Data3,104
14:52:08,MsgId,6,Data0,4,Data1,1,Data2,7,Data3,8
14:52:08,MsgId,6,Data0,4,Data1,2,Data2,16,Data3,160
14:52:08,MsgId,6,Data0,4,Data1,3,Data2,24,Data3,156
14:52:09,MsgId,6,Data0,4,Data1,4,Data2,32,Data3,208
14:52:09,MsgId,6,Data0,4,Data1,5,Data2,41,Data3,104
14:52:09,MsgId,7,Data0,1,Data1,0,Data2,80
14:52:09,MsgId,7,Data0,2,Data1,0,Data2,8
14:52:10,MsgId,7,Data0,3,Data1,0,Data2,11
14:52:10,MsgId,7,Data0,4,Data1,0,Data2,0
14:52:10,MsgId,5
14:52:10,MsgId,51,Data0,12,Data1,80
14:52:10,MsgId,1
14:57:05,MsgId,6,Data0,1,Data1,1,Data2,7,Data3,8
14:57:05,MsgId,6,Data0,1,Data1,2,Data2,15,Data3,160
14:57:05,MsgId,6,Data0,1,Data1,3,Data2,24,Data3,212
14:57:06,MsgId,6,Data0,1,Data1,4,Data2,32,Data3,208
14:57:06,MsgId,6,Data0,1,Data1,5,Data2,40,Data3,60
14:57:06,MsgId,6,Data0,2,Data1,1,Data2,7,Data3,8
14:57:06,MsgId,6,Data0,2,Data1,2,Data2,15,Data3,160
14:57:06,MsgId,6,Data0,2,Data1,3,Data2,24,Data3,56
14:57:07,MsgId,6,Data0,2,Data1,4,Data2,32,Data3,108
14:57:07,MsgId,6,Data0,2,Data1,5,Data2,40,Data3,60
14:57:07,MsgId,6,Data0,3,Data1,1,Data2,7,Data3,8
14:57:07,MsgId,6,Data0,3,Data1,2,Data2,15,Data3,160
14:57:07,MsgId,6,Data0,3,Data1,3,Data2,24,Data3,212
14:57:08,MsgId,6,Data0,3,Data1,4,Data2,32,Data3,108
14:57:08,MsgId,6,Data0,3,Data1,5,Data2,40,Data3,160
14:57:08,MsgId,6,Data0,4,Data1,1,Data2,7,Data3,8
14:57:08,MsgId,6,Data0,4,Data1,2,Data2,15,Data3,160
14:57:09,MsgId,6,Data0,4,Data1,3,Data2,24,Data3,56
14:57:09,MsgId,6,Data0,4,Data1,4,Data2,32,Data3,8
14:57:09,MsgId,6,Data0,4,Data1,5,Data2,40,Data3,160
14:57:09,MsgId,7,Data0,1,Data1,0,Data2,57
14:57:09,MsgId,7,Data0,2,Data1,0,Data2,15
14:57:10,MsgId,7,Data0,3,Data1,0,Data2,2
14:57:10,MsgId,7,Data0,4,Data1,0,Data2,0
14:57:10,MsgId,5
14:57:10,MsgId,51,Data0,10,Data1,5
14:57:10,MsgId,1
15:02:05,MsgId,6,Data0,1,Data1,1,Data2,7,Data3,8
15:02:05,MsgId,6,Data0,1,Data1,2,Data2,15,Data3,160
15:02:05,MsgId,6,Data0,1,Data1,3,Data2,23,Data3,212
15:02:06,MsgId,6,Data0,1,Data1,4,Data2,32,Data3,108
15:02:06,MsgId,6,Data0,1,Data1,5,Data2,40,Data3,216
15:02:06,MsgId,6,Data0,2,Data1,1,Data2,7,Data3,8
15:02:06,MsgId,6,Data0,2,Data1,2,Data2,15,Data3,60
15:02:06,MsgId,6,Data0,2,Data1,3,Data2,24,Data3,212
15:02:07,MsgId,6,Data0,2,Data1,4,Data2,32,Data3,8
15:02:07,MsgId,6,Data0,2,Data1,5,Data2,40,Data3,60
15:02:07,MsgId,6,Data0,3,Data1,1,Data2,7,Data3,8
15:02:07,MsgId,6,Data0,3,Data1,2,Data2,15,Data3,160
15:02:08,MsgId,6,Data0,3,Data1,3,Data2,23,Data3,212
15:02:08,MsgId,6,Data0,3,Data1,4,Data2,32,Data3,8
15:02:08,MsgId,6,Data0,3,Data1,5,Data2,40,Data3,60
15:02:08,MsgId,6,Data0,4,Data1,1,Data2,7,Data3,8
15:02:08,MsgId,6,Data0,4,Data1,2,Data2,15,Data3,60
15:02:09,MsgId,6,Data0,4,Data1,3,Data2,24,Data3,212
15:02:09,MsgId,6,Data0,4,Data1,4,Data2,32,Data3,8
15:02:09,MsgId,6,Data0,4,Data1,5,Data2,40,Data3,160
15:02:09,MsgId,7,Data0,1,Data1,0,Data2,57
15:02:09,MsgId,7,Data0,2,Data1,0,Data2,17
15:02:10,MsgId,7,Data0,3,Data1,0,Data2,17
15:02:10,MsgId,7,Data0,4,Data1,0,Data2,0
15:02:10,MsgId,5
15:02:10,MsgId,51,Data0,8,Data1,177
15:02:10,MsgId,1
15:07:05,MsgId,6,Data0,1,Data1,1,Data2,7,Data3,8
15:07:05,MsgId,6,Data0,1,Data1,2,Data2,15,Data3,160
15:07:06,MsgId,6,Data0,1,Data1,3,Data2,24,Data3,212
15:07:06,MsgId,6,Data0,1,Data1,4,Data2,32,Data3,108
15:07:06,MsgId,6,Data0,1,Data1,5,Data2,40,Data3,216
15:07:06,MsgId,6,Data0,2,Data1,1,Data2,7,Data3,8
15:07:06,MsgId,6,Data0,2,Data1,2,Data2,15,Data3,60
15:07:07,MsgId,6,Data0,2,Data1,3,Data2,24,Data3,212
15:07:07,MsgId,6,Data0,2,Data1,4,Data2,32,Data3,8
15:07:07,MsgId,6,Data0,2,Data1,5,Data2,40,Data3,60
15:07:07,MsgId,6,Data0,3,Data1,1,Data2,7,Data3,8
15:07:07,MsgId,6,Data0,3,Data1,2,Data2,15,Data3,160
15:07:08,MsgId,6,Data0,3,Data1,3,Data2,23,Data3,212
15:07:08,MsgId,6,Data0,3,Data1,4,Data2,32,Data3,8
15:07:08,MsgId,6,Data0,3,Data1,5,Data2,40,Data3,60
15:07:08,MsgId,6,Data0,4,Data1,1,Data2,7,Data3,8
15:07:08,MsgId,6,Data0,4,Data1,2,Data2,15,Data3,60
15:07:09,MsgId,6,Data0,4,Data1,3,Data2,24,Data3,212
15:07:09,MsgId,6,Data0,4,Data1,4,Data2,32,Data3,8
15:07:09,MsgId,6,Data0,4,Data1,5,Data2,40,Data3,160
15:07:09,MsgId,7,Data0,1,Data1,0,Data2,91
15:07:09,MsgId,7,Data0,2,Data1,0,Data2,28
15:07:10,MsgId,7,Data0,3,Data1,0,Data2,31
15:07:10,MsgId,7,Data0,4,Data1,0,Data2,0
15:07:10,MsgId,5
15:07:10,MsgId,51,Data0,8,Data1,65
15:07:10,MsgId,1
15:12:05,MsgId,6,Data0,1,Data1,1,Data2,7,Data3,8
15:12:05,MsgId,6,Data0,1,Data1,2,Data2,15,Data3,160
15:12:06,MsgId,6,Data0,1,Data1,3,Data2,23,Data3,212
15:12:06,MsgId,6,Data0,1,Data1,4,Data2,32,Data3,108
15:12:06,MsgId,6,Data0,1,Data1,5,Data2,40,Data3,216
15:12:06,MsgId,6,Data0,2,Data1,1,Data2,7,Data3,8
15:12:06,MsgId,6,Data0,2,Data1,2,Data2,15,Data3,60
15:12:07,MsgId,6,Data0,2,Data1,3,Data2,23,Data3,212
15:12:07,MsgId,6,Data0,2,Data1,4,Data2,32,Data3,8
15:12:07,MsgId,6,Data0,2,Data1,5,Data2,40,Data3,216
15:12:07,MsgId,6,Data0,3,Data1,1,Data2,7,Data3,8
15:12:07,MsgId,6,Data0,3,Data1,2,Data2,15,Data3,160
15:12:08,MsgId,6,Data0,3,Data1,3,Data2,23,Data3,212
15:12:08,MsgId,6,Data0,3,Data1,4,Data2,32,Data3,8
15:12:08,MsgId,6,Data0,3,Data1,5,Data2,40,Data3,60
15:12:08,MsgId,6,Data0,4,Data1,1,Data2,7,Data3,8
15:12:08,MsgId,6,Data0,4,Data1,2,Data2,15,Data3,60
15:12:09,MsgId,6,Data0,4,Data1,3,Data2,24,Data3,212
15:12:09,MsgId,6,Data0,4,Data1,4,Data2,31,Data3,164
15:12:09,MsgId,6,Data0,4,Data1,5,Data2,40,Data3,60
15:12:09,MsgId,7,Data0,1,Data1,0,Data2,60
15:12:09,MsgId,7,Data0,2,Data1,0,Data2,44
15:12:10,MsgId,7,Data0,3,Data1,0,Data2,35
15:12:10,MsgId,7,Data0,4,Data1,0,Data2,0
15:12:10,MsgId,5
15:12:10,MsgId,51,Data0,8,Data1,3
15:12:10,MsgId,1
15:17:05,MsgId,6,Data0,1,Data1,1,Data2,7,Data3,8
15:17:05,MsgId,6,Data0,1,Data1,2,Data2,15,Data3,160
15:17:06,MsgId,6,Data0,1,Data1,3,Data2,23,Data3,212
15:17:06,MsgId,6,Data0,1,Data1,4,Data2,32,Data3,108
15:17:06,MsgId,6,Data0,1,Data1,5,Data2,39,Data3,16
15:17:06,MsgId,6,Data0,2,Data1,1,Data2,7,Data3,8
15:17:06,MsgId,6,Data0,2,Data1,2,Data2,15,Data3,60
15:17:07,MsgId,6,Data0,2,Data1,3,Data2,23,Data3,112
15:17:07,MsgId,6,Data0,2,Data1,4,Data2,31,Data3,164
15:17:07,MsgId,6,Data0,2,Data1,5,Data2,39,Data3,116
15:17:07,MsgId,6,Data0,3,Data1,1,Data2,7,Data3,8
15:17:07,MsgId,6,Data0,3,Data1,2,Data2,15,Data3,60
15:17:08,MsgId,6,Data0,3,Data1,3,Data2,23,Data3,112
15:17:08,MsgId,6,Data0,3,Data1,4,Data2,31,Data3,164
15:17:08,MsgId,6,Data0,3,Data1,5,Data2,39,Data3,116
15:17:08,MsgId,6,Data0,4,Data1,1,Data2,6,Data3,164
15:17:08,MsgId,6,Data0,4,Data1,2,Data2,15,Data3,216
15:17:09,MsgId,6,Data0,4,Data1,3,Data2,23,Data3,112
15:17:09,MsgId,6,Data0,4,Data1,4,Data2,31,Data3,64
15:17:09,MsgId,6,Data0,4,Data1,5,Data2,39,Data3,216
15:17:09,MsgId,7,Data0,1,Data1,0,Data2,40
15:17:09,MsgId,7,Data0,2,Data1,0,Data2,35
15:17:10,MsgId,7,Data0,3,Data1,0,Data2,60
15:17:10,MsgId,7,Data0,4,Data1,0,Data2,0
15:17:10,MsgId,5
15:17:10,MsgId,51,Data0,7,Data1,104
15:17:10,MsgId,1
15:22:05,MsgId,6,Data0,1,Data1,1,Data2,7,Data3,8
15:22:05,MsgId,6,Data0,1,Data1,2,Data2,15,Data3,60
15:22:06,MsgId,6,Data0,1,Data1,3,Data2,23,Data3,112
15:22:06,MsgId,6,Data0,1,Data1,4,Data2,32,Data3,8
15:22:06,MsgId,6,Data0,1,Data1,5,Data2,38,Data3,172
15:22:06,MsgId,6,Data0,2,Data1,1,Data2,7,Data3,8
15:22:06,MsgId,6,Data0,2,Data1,2,Data2,15,Data3,216
15:22:07,MsgId,6,Data0,2,Data1,3,Data2,23,Data3,12
15:22:07,MsgId,6,Data0,2,Data1,4,Data2,31,Data3,64
15:22:07,MsgId,6,Data0,2,Data1,5,Data2,38,Data3,172
15:22:07,MsgId,6,Data0,3,Data1,1,Data2,6,Data3,164
15:22:07,MsgId,6,Data0,3,Data1,2,Data2,15,Data3,60
15:22:08,MsgId,6,Data0,3,Data1,3,Data2,23,Data3,12
15:22:08,MsgId,6,Data0,3,Data1,4,Data2,31,Data3,220
15:22:08,MsgId,6,Data0,3,Data1,5,Data2,39,Data3,16
15:22:08,MsgId,6,Data0,4,Data1,1,Data2,6,Data3,164
15:22:08,MsgId,6,Data0,4,Data1,2,Data2,14,Data3,216
15:22:09,MsgId,6,Data0,4,Data1,3,Data2,23,Data3,12
15:22:09,MsgId,6,Data0,4,Data1,4,Data2,30,Data3,220
15:22:09,MsgId,6,Data0,4,Data1,5,Data2,39,Data3,16
15:22:09,MsgId,7,Data0,1,Data1,0,Data2,15
15:22:09,MsgId,7,Data0,2,Data1,0,Data2,37
15:22:10,MsgId,7,Data0,3,Data1,0,Data2,84
15:22:10,MsgId,7,Data0,4,Data1,0,Data2,0
15:22:10,MsgId,5
15:22:10,MsgId,51,Data0,6,Data1,144
15:22:10,MsgId,1
15:27:05,MsgId,6,Data0,1,Data1,1,Data2,7,Data3,8
15:27:05,MsgId,6,Data0,1,Data1,2,Data2,15,Data3,160
15:27:06,MsgId,6,Data0,1,Data1,3,Data2,23,Data3,212
15:27:06,MsgId,6,Data0,1,Data1,4,Data2,32,Data3,8
15:27:06,MsgId,6,Data0,1,Data1,5,Data2,39,Data3,16
15:27:06,MsgId,6,Data0,2,Data1,1,Data2,7,Data3,8
15:27:06,MsgId,6,Data0,2,Data1,2,Data2,15,Data3,60
15:27:07,MsgId,6,Data0,2,Data1,3,Data2,23,Data3,112
15:27:07,MsgId,6,Data0,2,Data1,4,Data2,31,Data3,164
15:27:07,MsgId,6,Data0,2,Data1,5,Data2,39,Data3,16
15:27:07,MsgId,6,Data0,3,Data1,1,Data2,7,Data3,8
15:27:07,MsgId,6,Data0,3,Data1,2,Data2,15,Data3,60
15:27:08,MsgId,6,Data0,3,Data1,3,Data2,23,Data3,112
15:27:08,MsgId,6,Data0,3,Data1,4,Data2,31,Data3,64
15:27:08,MsgId,6,Data0,3,Data1,5,Data2,39,Data3,116
15:27:08,MsgId,6,Data0,4,Data1,1,Data2,6,Data3,164
15:27:08,MsgId,6,Data0,4,Data1,2,Data2,15,Data3,216
15:27:09,MsgId,6,Data0,4,Data1,3,Data2,23,Data3,112
15:27:09,MsgId,6,Data0,4,Data1,4,Data2,31,Data3,64
15:27:09,MsgId,6,Data0,4,Data1,5,Data2,39,Data3,116
15:27:09,MsgId,7,Data0,1,Data1,0,Data2,0
15:27:09,MsgId,7,Data0,2,Data1,0,Data2,33
15:27:10,MsgId,7,Data0,3,Data1,0,Data2,86
15:27:10,MsgId,7,Data0,4,Data1,0,Data2,0
15:27:10,MsgId,5
15:27:10,MsgId,51,Data0,7,Data1,43
15:27:10,MsgId,1
15:32:05,MsgId,6,Data0,1,Data1,1,Data2,7,Data3,8
15:32:05,MsgId,6,Data0,1,Data1,2,Data2,15,Data3,160
15:32:06,MsgId,6,Data0,1,Data1,3,Data2,23,Data3,212
15:32:06,MsgId,6,Data0,1,Data1,4,Data2,32,Data3,8
15:32:06,MsgId,6,Data0,1,Data1,5,Data2,39,Data3,116
15:32:06,MsgId,6,Data0,2,Data1,1,Data2,7,Data3,8
15:32:06,MsgId,6,Data0,2,Data1,2,Data2,15,Data3,60
15:32:07,MsgId,6,Data0,2,Data1,3,Data2,23,Data3,112
15:32:07,MsgId,6,Data0,2,Data1,4,Data2,31,Data3,164
15:32:07,MsgId,6,Data0,2,Data1,5,Data2,39,Data3,116
15:32:07,MsgId,6,Data0,3,Data1,1,Data2,7,Data3,8
15:32:07,MsgId,6,Data0,3,Data1,2,Data2,15,Data3,160
15:32:08,MsgId,6,Data0,3,Data1,3,Data2,23,Data3,112
15:32:08,MsgId,6,Data0,3,Data1,4,Data2,31,Data3,164
15:32:08,MsgId,6,Data0,3,Data1,5,Data2,40,Data3,216
15:32:08,MsgId,6,Data0,4,Data1,1,Data2,6,Data3,164
15:32:08,MsgId,6,Data0,4,Data1,2,Data2,15,Data3,60
15:32:09,MsgId,6,Data0,4,Data1,3,Data2,23,Data3,112
15:32:09,MsgId,6,Data0,4,Data1,4,Data2,31,Data3,64
15:32:09,MsgId,6,Data0,4,Data1,5,Data2,40,Data3,216
15:32:09,MsgId,7,Data0,1,Data1,0,Data2,0
15:32:09,MsgId,7,Data0,2,Data1,0,Data2,17
15:32:10,MsgId,7,Data0,3,Data1,0,Data2,71
15:32:10,MsgId,7,Data0,4,Data1,0,Data2,0
15:32:10,MsgId,5
15:32:10,MsgId,51,Data0,6,Data1,163
15:32:10,MsgId,1
15:37:05,MsgId,6,Data0,1,Data1,1,Data2,7,Data3,8
15:37:05,MsgId,6,Data0,1,Data1,2,Data2,15,Data3,160
15:37:06,MsgId,6,Data0,1,Data1,3,Data2,23,Data3,112
15:37:06,MsgId,6,Data0,1,Data1,4,Data2,32,Data3,8
15:37:06,MsgId,6,Data0,1,Data1,5,Data2,39,Data3,16
15:37:06,MsgId,6,Data0,2,Data1,1,Data2,7,Data3,8
15:37:06,MsgId,6,Data0,2,Data1,2,Data2,15,Data3,60
15:37:07,MsgId,6,Data0,2,Data1,3,Data2,23,Data3,112
15:37:07,MsgId,6,Data0,2,Data1,4,Data2,31,Data3,164
15:37:07,MsgId,6,Data0,2,Data1,5,Data2,39,Data3,116
15:37:07,MsgId,6,Data0,3,Data1,1,Data2,7,Data3,8
15:37:07,MsgId,6,Data0,3,Data1,2,Data2,15,Data3,60
15:37:08,MsgId,6,Data0,3,Data1,3,Data2,23,Data3,112
15:37:08,MsgId,6,Data0,3,Data1,4,Data2,31,Data3,164
15:37:08,MsgId,6,Data0,3,Data1,5,Data2,39,Data3,116
15:37:08,MsgId,6,Data0,4,Data1,1,Data2,6,Data3,164
15:37:08,MsgId,6,Data0,4,Data1,2,Data2,15,Data3,60
15:37:09,MsgId,6,Data0,4,Data1,3,Data2,23,Data3,112
15:37:09,MsgId,6,Data0,4,Data1,4,Data2,31,Data3,64
15:37:09,MsgId,6,Data0,4,Data1,5,Data2,39,Data3,216
15:37:09,MsgId,7,Data0,1,Data1,0,Data2,0
15:37:09,MsgId,7,Data0,2,Data1,0,Data2,17
15:37:10,MsgId,7,Data0,3,Data1,0,Data2,57
15:37:10,MsgId,7,Data0,4,Data1,0,Data2,0
15:37:10,MsgId,5
15:37:10,MsgId,51,Data0,4,Data1,208
15:37:10,MsgId,1
15:42:05,MsgId,6,Data0,1,Data1,1,Data2,6,Data3,164
15:42:05,MsgId,6,Data0,1,Data1,2,Data2,14,Data3,216
15:42:06,MsgId,6,Data0,1,Data1,3,Data2,22,Data3,68
15:42:06,MsgId,6,Data0,1,Data1,4,Data2,30,Data3,120
15:42:06,MsgId,6,Data0,1,Data1,5,Data2,37,Data3,128
15:42:06,MsgId,6,Data0,2,Data1,1,Data2,6,Data3,164
15:42:06,MsgId,6,Data0,2,Data1,2,Data2,14,Data3,116
15:42:07,MsgId,6,Data0,2,Data1,3,Data2,22,Data3,68
15:42:07,MsgId,6,Data0,2,Data1,4,Data2,30,Data3,20
15:42:07,MsgId,6,Data0,2,Data1,5,Data2,37,Data3,128
15:42:07,MsgId,6,Data0,3,Data1,1,Data2,6,Data3,164
15:42:07,MsgId,6,Data0,3,Data1,2,Data2,14,Data3,116
15:42:08,MsgId,6,Data0,3,Data1,3,Data2,22,Data3,68
15:42:08,MsgId,6,Data0,3,Data1,4,Data2,30,Data3,20
15:42:08,MsgId,6,Data0,3,Data1,5,Data2,38,Data3,228
15:42:08,MsgId,6,Data0,4,Data1,1,Data2,6,Data3,64
15:42:08,MsgId,6,Data0,4,Data1,2,Data2,14,Data3,116
15:42:09,MsgId,6,Data0,4,Data1,3,Data2,22,Data3,68
15:42:09,MsgId,6,Data0,4,Data1,4,Data2,30,Data3,20
15:42:09,MsgId,6,Data0,4,Data1,5,Data2,38,Data3,228
15:42:09,MsgId,7,Data0,1,Data1,0,Data2,0
15:42:09,MsgId,7,Data0,2,Data1,0,Data2,13
15:42:10,MsgId,7,Data0,3,Data1,0,Data2,0
15:42:10,MsgId,7,Data0,4,Data1,0,Data2,0
15:42:10,MsgId,5
15:42:10,MsgId,51,Data0,3,Data1,27
15:42:10,MsgId,1
15:47:05,MsgId,6,Data0,1,Data1,1,Data2,6,Data3,64
15:47:05,MsgId,6,Data0,1,Data1,2,Data2,14,Data3,16
15:47:06,MsgId,6,Data0,1,Data1,3,Data2,21,Data3,24
15:47:06,MsgId,6,Data0,1,Data1,4,Data2,29,Data3,232
15:47:06,MsgId,6,Data0,1,Data1,5,Data2,35,Data3,140
15:47:06,MsgId,6,Data0,2,Data1,1,Data2,6,Data3,64
15:47:06,MsgId,6,Data0,2,Data1,2,Data2,13,Data3,172
15:47:07,MsgId,6,Data0,2,Data1,3,Data2,21,Data3,24
15:47:07,MsgId,6,Data0,2,Data1,4,Data2,28,Data3,132
15:47:07,MsgId,6,Data0,2,Data1,5,Data2,35,Data3,140
15:47:07,MsgId,6,Data0,3,Data1,1,Data2,6,Data3,64
15:47:07,MsgId,6,Data0,3,Data1,2,Data2,13,Data3,172
15:47:08,MsgId,6,Data0,3,Data1,3,Data2,21,Data3,24
15:47:08,MsgId,6,Data0,3,Data1,4,Data2,28,Data3,132
15:47:08,MsgId,6,Data0,3,Data1,5,Data2,36,Data3,240
15:47:08,MsgId,6,Data0,4,Data1,1,Data2,6,Data3,220
15:47:08,MsgId,6,Data0,4,Data1,2,Data2,13,Data3,72
15:47:09,MsgId,6,Data0,4,Data1,3,Data2,21,Data3,24
15:47:09,MsgId,6,Data0,4,Data1,4,Data2,28,Data3,132
15:47:09,MsgId,6,Data0,4,Data1,5,Data2,36,Data3,240
15:47:09,MsgId,7,Data0,1,Data1,0,Data2,0
15:47:09,MsgId,7,Data0,2,Data1,0,Data2,13
15:47:10,MsgId,7,Data0,3,Data1,0,Data2,0
15:47:10,MsgId,7,Data0,4,Data1,0,Data2,0
15:47:10,MsgId,5
15:47:10,MsgId,51,Data0,2,Data1,63
15:47:10,MsgId,1
15:52:05,MsgId,6,Data0,1,Data1,1,Data2,5,Data3,20
15:52:05,MsgId,6,Data0,1,Data1,2,Data2,12,Data3,28
15:52:06,MsgId,6,Data0,1,Data1,3,Data2,18,Data3,248
15:52:06,MsgId,6,Data0,1,Data1,4,Data2,24,Data3,156
15:52:06,MsgId,6,Data0,1,Data1,5,Data2,28,Data3,32
15:52:06,MsgId,6,Data0,2,Data1,1,Data2,5,Data3,120
15:52:06,MsgId,6,Data0,2,Data1,2,Data2,12,Data3,184
15:52:07,MsgId,6,Data0,2,Data1,3,Data2,18,Data3,92
15:52:07,MsgId,6,Data0,2,Data1,4,Data2,24,Data3,156
15:52:07,MsgId,6,Data0,2,Data1,5,Data2,28,Data3,32
15:52:07,MsgId,6,Data0,3,Data1,1,Data2,5,Data3,20
15:52:07,MsgId,6,Data0,3,Data1,2,Data2,11,Data3,240
15:52:08,MsgId,6,Data0,3,Data1,3,Data2,16,Data3,104
15:52:08,MsgId,6,Data0,3,Data1,4,Data2,22,Data3,168
15:52:08,MsgId,6,Data0,3,Data1,5,Data2,28,Data3,132
15:52:08,MsgId,6,Data0,4,Data1,1,Data2,5,Data3,20
15:52:08,MsgId,6,Data0,4,Data1,2,Data2,7,Data3,208
15:52:09,MsgId,6,Data0,4,Data1,3,Data2,15,Data3,216
15:52:09,MsgId,6,Data0,4,Data1,4,Data2,21,Data3,224
15:52:09,MsgId,6,Data0,4,Data1,5,Data2,28,Data3,132
15:52:09,MsgId,7,Data0,1,Data1,0,Data2,28
15:52:09,MsgId,7,Data0,2,Data1,0,Data2,33
15:52:10,MsgId,7,Data0,3,Data1,0,Data2,44
15:52:10,MsgId,7,Data0,4,Data1,0,Data2,13
15:52:10,MsgId,5
15:52:10,MsgId,51,Data0,1,Data1,195
15:52:10,MsgId,1
15:57:05,MsgId,6,Data0,1,Data1,1,Data2,5,Data3,20
15:57:05,MsgId,6,Data0,1,Data1,2,Data2,12,Data3,184
15:57:06,MsgId,6,Data0,1,Data1,3,Data2,18,Data3,248
15:57:06,MsgId,6,Data0,1,Data1,4,Data2,24,Data3,156
15:57:06,MsgId,6,Data0,1,Data1,5,Data2,27,Data3,88
15:57:06,MsgId,6,Data0,2,Data1,1,Data2,5,Data3,120
15:57:06,MsgId,6,Data0,2,Data1,2,Data2,11,Data3,184
15:57:07,MsgId,6,Data0,2,Data1,3,Data2,18,Data3,92
15:57:07,MsgId,6,Data0,2,Data1,4,Data2,24,Data3,156
15:57:07,MsgId,6,Data0,2,Data1,5,Data2,27,Data3,88
15:57:07,MsgId,6,Data0,3,Data1,1,Data2,5,Data3,176
15:57:07,MsgId,6,Data0,3,Data1,2,Data2,11,Data3,240
15:57:08,MsgId,6,Data0,3,Data1,3,Data2,16,Data3,4
15:57:08,MsgId,6,Data0,3,Data1,4,Data2,22,Data3,224
15:57:08,MsgId,6,Data0,3,Data1,5,Data2,27,Data3,188
15:57:08,MsgId,6,Data0,4,Data1,1,Data2,5,Data3,20
15:57:08,MsgId,6,Data0,4,Data1,2,Data2,7,Data3,108
15:57:09,MsgId,6,Data0,4,Data1,3,Data2,14,Data3,216
15:57:09,MsgId,6,Data0,4,Data1,4,Data2,21,Data3,124
15:57:09,MsgId,6,Data0,4,Data1,5,Data2,27,Data3,188
15:57:09,MsgId,7,Data0,1,Data1,0,Data2,8
15:57:09,MsgId,7,Data0,2,Data1,0,Data2,24
15:57:10,MsgId,7,Data0,3,Data1,0,Data2,35
15:57:10,MsgId,7,Data0,4,Data1,0,Data2,0
15:57:10,MsgId,5
15:57:10,MsgId,51,Data0,1,Data1,161
15:57:10,MsgId,1
16:02:05,MsgId,6,Data0,1,Data1,1,Data2,5,Data3,176
16:02:05,MsgId,6,Data0,1,Data1,2,Data2,11,Data3,84
16:02:06,MsgId,6,Data0,1,Data1,3,Data2,17,Data3,48
16:02:06,MsgId,6,Data0,1,Data1,4,Data2,23,Data3,112
16:02:06,MsgId,6,Data0,1,Data1,5,Data2,26,Data3,144
16:02:06,MsgId,6,Data0,2,Data1,1,Data2,5,Data3,20
16:02:06,MsgId,6,Data0,2,Data1,2,Data2,11,Data3,84
16:02:07,MsgId,6,Data0,2,Data1,3,Data2,17,Data3,148
16:02:07,MsgId,6,Data0,2,Data1,4,Data2,23,Data3,212
16:02:07,MsgId,6,Data0,2,Data1,5,Data2,26,Data3,144
16:02:07,MsgId,6,Data0,3,Data1,1,Data2,4,Data3,176
16:02:07,MsgId,6,Data0,3,Data1,2,Data2,10,Data3,140
16:02:08,MsgId,6,Data0,3,Data1,3,Data2,15,Data3,160
16:02:08,MsgId,6,Data0,3,Data1,4,Data2,21,Data3,24
16:02:08,MsgId,6,Data0,3,Data1,5,Data2,26,Data3,244
16:02:08,MsgId,6,Data0,4,Data1,1,Data2,5,Data3,20
16:02:08,MsgId,6,Data0,4,Data1,2,Data2,7,Data3,8
16:02:09,MsgId,6,Data0,4,Data1,3,Data2,14,Data3,16
16:02:09,MsgId,6,Data0,4,Data1,4,Data2,20,Data3,80
16:02:09,MsgId,6,Data0,4,Data1,5,Data2,27,Data3,244
16:02:09,MsgId,7,Data0,1,Data1,0,Data2,0
16:02:09,MsgId,7,Data0,2,Data1,0,Data2,0
16:02:10,MsgId,7,Data0,3,Data1,0,Data2,0
16:02:10,MsgId,7,Data0,4,Data1,0,Data2,0
16:02:10,MsgId,5
16:02:10,MsgId,51,Data0,1,Data1,83
16:02:10,MsgId,1
16:07:05,MsgId,6,Data0,1,Data1,1,Data2,4,Data3,176
16:07:05,MsgId,6,Data0,1,Data1,2,Data2,11,Data3,240
16:07:06,MsgId,6,Data0,1,Data1,3,Data2,16,Data3,204
16:07:06,MsgId,6,Data0,1,Data1,4,Data2,22,Data3,68
16:07:06,MsgId,6,Data0,1,Data1,5,Data2,23,Data3,112
16:07:06,MsgId,6,Data0,2,Data1,1,Data2,5,Data3,20
16:07:06,MsgId,6,Data0,2,Data1,2,Data2,11,Data3,240
16:07:07,MsgId,6,Data0,2,Data1,3,Data2,17,Data3,48
16:07:07,MsgId,6,Data0,2,Data1,4,Data2,22,Data3,68
16:07:07,MsgId,6,Data0,2,Data1,5,Data2,23,Data3,212
16:07:07,MsgId,6,Data0,3,Data1,1,Data2,4,Data3,76
16:07:07,MsgId,6,Data0,3,Data1,2,Data2,10,Data3,40
16:07:08,MsgId,6,Data0,3,Data1,3,Data2,14,Data3,116
16:07:08,MsgId,6,Data0,3,Data1,4,Data2,19,Data3,36
16:07:08,MsgId,6,Data0,3,Data1,5,Data2,24,Data3,212
16:07:08,MsgId,6,Data0,4,Data1,1,Data2,5,Data3,176
16:07:08,MsgId,6,Data0,4,Data1,2,Data2,6,Data3,64
16:07:09,MsgId,6,Data0,4,Data1,3,Data2,13,Data3,228
16:07:09,MsgId,6,Data0,4,Data1,4,Data2,19,Data3,136
16:07:09,MsgId,6,Data0,4,Data1,5,Data2,24,Data3,212
16:07:09,MsgId,7,Data0,1,Data1,0,Data2,0
16:07:09,MsgId,7,Data0,2,Data1,0,Data2,0
16:07:10,MsgId,7,Data0,3,Data1,0,Data2,0
16:07:10,MsgId,7,Data0,4,Data1,0,Data2,0
16:07:10,MsgId,5
16:07:10,MsgId,51,Data0,1,Data1,49
16:07:10,MsgId,1
16:12:05,MsgId,6,Data0,1,Data1,1,Data2,5,Data3,20
16:12:05,MsgId,6,Data0,1,Data1,2,Data2,11,Data3,184
16:12:06,MsgId,6,Data0,1,Data1,3,Data2,18,Data3,248
16:12:06,MsgId,6,Data0,1,Data1,4,Data2,24,Data3,56
16:12:06,MsgId,6,Data0,1,Data1,5,Data2,29,Data3,176
16:12:06,MsgId,6,Data0,2,Data1,1,Data2,5,Data3,20
16:12:06,MsgId,6,Data0,2,Data1,2,Data2,11,Data3,84
16:12:07,MsgId,6,Data0,2,Data1,3,Data2,18,Data3,248
16:12:07,MsgId,6,Data0,2,Data1,4,Data2,24,Data3,212
16:12:07,MsgId,6,Data0,2,Data1,5,Data2,29,Data3,176
16:12:07,MsgId,6,Data0,3,Data1,1,Data2,5,Data3,20
16:12:07,MsgId,6,Data0,3,Data1,2,Data2,11,Data3,84
16:12:08,MsgId,6,Data0,3,Data1,3,Data2,17,Data3,48
16:12:08,MsgId,6,Data0,3,Data1,4,Data2,23,Data3,212
16:12:08,MsgId,6,Data0,3,Data1,5,Data2,30,Data3,176
16:12:08,MsgId,6,Data0,4,Data1,1,Data2,5,Data3,20
16:12:08,MsgId,6,Data0,4,Data1,2,Data2,9,Data3,196
16:12:09,MsgId,6,Data0,4,Data1,3,Data2,16,Data3,204
16:12:09,MsgId,6,Data0,4,Data1,4,Data2,23,Data3,112
16:12:09,MsgId,6,Data0,4,Data1,5,Data2,30,Data3,20
16:12:09,MsgId,7,Data0,1,Data1,0,Data2,0
16:12:09,MsgId,7,Data0,2,Data1,0,Data2,0
16:12:10,MsgId,7,Data0,3,Data1,0,Data2,0
16:12:10,MsgId,7,Data0,4,Data1,0,Data2,0
16:12:10,MsgId,5
16:12:10,MsgId,51,Data0,1,Data1,22
16:12:10,MsgId,1
16:17:05,MsgId,6,Data0,1,Data1,1,Data2,5,Data3,20
16:17:05,MsgId,6,Data0,1,Data1,2,Data2,11,Data3,184
16:17:06,MsgId,6,Data0,1,Data1,3,Data2,17,Data3,148
16:17:06,MsgId,6,Data0,1,Data1,4,Data2,24,Data3,212
16:17:06,MsgId,6,Data0,1,Data1,5,Data2,29,Data3,76
16:17:06,MsgId,6,Data0,2,Data1,1,Data2,5,Data3,20
16:17:06,MsgId,6,Data0,2,Data1,2,Data2,11,Data3,84
16:17:07,MsgId,6,Data0,2,Data1,3,Data2,17,Data3,148
16:17:07,MsgId,6,Data0,2,Data1,4,Data2,23,Data3,212
16:17:07,MsgId,6,Data0,2,Data1,5,Data2,29,Data3,76
16:17:07,MsgId,6,Data0,3,Data1,1,Data2,5,Data3,20
16:17:07,MsgId,6,Data0,3,Data1,2,Data2,11,Data3,84
16:17:08,MsgId,6,Data0,3,Data1,3,Data2,17,Data3,48
16:17:08,MsgId,6,Data0,3,Data1,4,Data2,23,Data3,112
16:17:08,MsgId,6,Data0,3,Data1,5,Data2,29,Data3,176
16:17:08,MsgId,6,Data0,4,Data1,1,Data2,5,Data3,20
16:17:08,MsgId,6,Data0,4,Data1,2,Data2,9,Data3,196
16:17:09,MsgId,6,Data0,4,Data1,3,Data2,16,Data3,204
16:17:09,MsgId,6,Data0,4,Data1,4,Data2,23,Data3,12
16:17:09,MsgId,6,Data0,4,Data1,5,Data2,29,Data3,176
16:17:09,MsgId,7,Data0,1,Data1,0,Data2,0
16:17:09,MsgId,7,Data0,2,Data1,0,Data2,0
16:17:10,MsgId,7,Data0,3,Data1,0,Data2,0
16:17:10,MsgId,7,Data0,4,Data1,0,Data2,0
16:17:10,MsgId,5
16:17:10,MsgId,51,Data0,0,Data1,231
16:17:10,MsgId,1
16:22:05,MsgId,6,Data0,1,Data1,1,Data2,4,Data3,176
16:22:05,MsgId,6,Data0,1,Data1,2,Data2,11,Data3,84
16:22:06,MsgId,6,Data0,1,Data1,3,Data2,17,Data3,48
16:22:06,MsgId,6,Data0,1,Data1,4,Data2,23,Data3,112
16:22:06,MsgId,6,Data0,1,Data1,5,Data2,29,Data3,232
16:22:06,MsgId,6,Data0,2,Data1,1,Data2,5,Data3,20
16:22:06,MsgId,6,Data0,2,Data1,2,Data2,11,Data3,240
16:22:07,MsgId,6,Data0,2,Data1,3,Data2,17,Data3,48
16:22:07,MsgId,6,Data0,2,Data1,4,Data2,23,Data3,112
16:22:07,MsgId,6,Data0,2,Data1,5,Data2,29,Data3,232
16:22:07,MsgId,6,Data0,3,Data1,1,Data2,5,Data3,20
16:22:07,MsgId,6,Data0,3,Data1,2,Data2,11,Data3,84
16:22:08,MsgId,6,Data0,3,Data1,3,Data2,17,Data3,204
16:22:08,MsgId,6,Data0,3,Data1,4,Data2,23,Data3,12
16:22:08,MsgId,6,Data0,3,Data1,5,Data2,29,Data3,76
16:22:08,MsgId,6,Data0,4,Data1,1,Data2,4,Data3,176
16:22:08,MsgId,6,Data0,4,Data1,2,Data2,10,Data3,40
16:22:09,MsgId,6,Data0,4,Data1,3,Data2,17,Data3,204
16:22:09,MsgId,6,Data0,4,Data1,4,Data2,23,Data3,12
16:22:09,MsgId,6,Data0,4,Data1,5,Data2,29,Data3,76
16:22:09,MsgId,7,Data0,1,Data1,0,Data2,0
16:22:09,MsgId,7,Data0,2,Data1,0,Data2,0
16:22:10,MsgId,7,Data0,3,Data1,0,Data2,0
16:22:10,MsgId,7,Data0,4,Data1,0,Data2,0
16:22:10,MsgId,5
16:22:10,MsgId,51,Data0,0,Data1,189
16:22:10,MsgId,1
16:27:05,MsgId,6,Data0,1,Data1,1,Data2,4,Data3,176
16:27:05,MsgId,6,Data0,1,Data1,2,Data2,11,Data3,84
16:27:06,MsgId,6,Data0,1,Data1,3,Data2,17,Data3,48
16:27:06,MsgId,6,Data0,1,Data1,4,Data2,23,Data3,112
16:27:06,MsgId,6,Data0,1,Data1,5,Data2,28,Data3,132
16:27:06,MsgId,6,Data0,2,Data1,1,Data2,5,Data3,176
16:27:06,MsgId,6,Data0,2,Data1,2,Data2,11,Data3,240
16:27:07,MsgId,6,Data0,2,Data1,3,Data2,17,Data3,48
16:27:07,MsgId,6,Data0,2,Data1,4,Data2,23,Data3,12
16:27:07,MsgId,6,Data0,2,Data1,5,Data2,28,Data3,232
16:27:07,MsgId,6,Data0,3,Data1,1,Data2,5,Data3,176
16:27:07,MsgId,6,Data0,3,Data1,2,Data2,11,Data3,240
16:27:08,MsgId,6,Data0,3,Data1,3,Data2,17,Data3,204
16:27:08,MsgId,6,Data0,3,Data1,4,Data2,23,Data3,12
16:27:08,MsgId,6,Data0,3,Data1,5,Data2,29,Data3,232
16:27:08,MsgId,6,Data0,4,Data1,1,Data2,4,Data3,76
16:27:08,MsgId,6,Data0,4,Data1,2,Data2,10,Data3,140
16:27:09,MsgId,6,Data0,4,Data1,3,Data2,17,Data3,204
16:27:09,MsgId,6,Data0,4,Data1,4,Data2,23,Data3,12
16:27:09,MsgId,6,Data0,4,Data1,5,Data2,29,Data3,232
16:27:09,MsgId,7,Data0,1,Data1,0,Data2,0
16:27:09,MsgId,7,Data0,2,Data1,0,Data2,0
16:27:10,MsgId,7,Data0,3,Data1,0,Data2,0
16:27:10,MsgId,7,Data0,4,Data1,0,Data2,0
16:27:10,MsgId,5
16:27:10,MsgId,51,Data0,0,Data1,158
16:27:10,MsgId,1
16:32:05,MsgId,6,Data0,1,Data1,1,Data2,4,Data3,232
16:32:05,MsgId,6,Data0,1,Data1,2,Data2,9,Data3,196
16:32:06,MsgId,6,Data0,1,Data1,3,Data2,14,Data3,216
16:32:06,MsgId,6,Data0,1,Data1,4,Data2,20,Data3,236
16:32:06,MsgId,6,Data0,1,Data1,5,Data2,24,Data3,56
16:32:06,MsgId,6,Data0,2,Data1,1,Data2,4,Data3,76
16:32:06,MsgId,6,Data0,2,Data1,2,Data2,9,Data3,196
16:32:07,MsgId,6,Data0,2,Data1,3,Data2,15,Data3,60
16:32:07,MsgId,6,Data0,2,Data1,4,Data2,20,Data3,80
16:32:07,MsgId,6,Data0,2,Data1,5,Data2,24,Data3,56
16:32:07,MsgId,6,Data0,3,Data1,1,Data2,4,Data3,232
16:32:07,MsgId,6,Data0,3,Data1,2,Data2,9,Data3,96
16:32:08,MsgId,6,Data0,3,Data1,3,Data2,14,Data3,16
16:32:08,MsgId,6,Data0,3,Data1,4,Data2,19,Data3,36
16:32:08,MsgId,6,Data0,3,Data1,5,Data2,24,Data3,156
16:32:08,MsgId,6,Data0,4,Data1,1,Data2,4,Data3,232
16:32:08,MsgId,6,Data0,4,Data1,2,Data2,7,Data3,108
16:32:09,MsgId,6,Data0,4,Data1,3,Data2,13,Data3,172
16:32:09,MsgId,6,Data0,4,Data1,4,Data2,19,Data3,36
16:32:09,MsgId,6,Data0,4,Data1,5,Data2,24,Data3,156
16:32:09,MsgId,7,Data0,1,Data1,0,Data2,0
16:32:10,MsgId,7,Data0,2,Data1,0,Data2,0
16:32:10,MsgId,7,Data0,3,Data1,0,Data2,0
16:32:10,MsgId,7,Data0,4,Data1,0,Data2,0
16:32:10,MsgId,5
16:32:10,MsgId,51,Data0,0,Data1,127
16:32:10,MsgId,1
16:37:05,MsgId,6,Data0,1,Data1,1,Data2,4,Data3,232
16:37:05,MsgId,6,Data0,1,Data1,2,Data2,10,Data3,196
16:37:06,MsgId,6,Data0,1,Data1,3,Data2,15,Data3,216
16:37:06,MsgId,6,Data0,1,Data1,4,Data2,20,Data3,80
16:37:06,MsgId,6,Data0,1,Data1,5,Data2,24,Data3,212
16:37:06,MsgId,6,Data0,2,Data1,1,Data2,4,Data3,76
16:37:06,MsgId,6,Data0,2,Data1,2,Data2,9,Data3,196
16:37:07,MsgId,6,Data0,2,Data1,3,Data2,15,Data3,60
16:37:07,MsgId,6,Data0,2,Data1,4,Data2,20,Data3,180
16:37:07,MsgId,6,Data0,2,Data1,5,Data2,24,Data3,212
16:37:07,MsgId,6,Data0,3,Data1,1,Data2,4,Data3,232
16:37:07,MsgId,6,Data0,3,Data1,2,Data2,9,Data3,96
16:37:08,MsgId,6,Data0,3,Data1,3,Data2,14,Data3,16
16:37:08,MsgId,6,Data0,3,Data1,4,Data2,19,Data3,36
16:37:08,MsgId,6,Data0,3,Data1,5,Data2,24,Data3,56
16:37:08,MsgId,6,Data0,4,Data1,1,Data2,4,Data3,76
16:37:09,MsgId,6,Data0,4,Data1,2,Data2,7,Data3,8
16:37:09,MsgId,6,Data0,4,Data1,3,Data2,13,Data3,72
16:37:09,MsgId,6,Data0,4,Data1,4,Data2,18,Data3,192
16:37:09,MsgId,6,Data0,4,Data1,5,Data2,24,Data3,56
16:37:09,MsgId,7,Data0,1,Data1,0,Data2,0
16:37:10,MsgId,7,Data0,2,Data1,0,Data2,0
16:37:10,MsgId,7,Data0,3,Data1,0,Data2,0
16:37:10,MsgId,7,Data0,4,Data1,0,Data2,0
16:37:10,MsgId,5
16:37:10,MsgId,51,Data0,0,Data1,88
16:37:10,MsgId,1
16:42:05,MsgId,6,Data0,1,Data1,1,Data2,4,Data3,232
16:42:05,MsgId,6,Data0,1,Data1,2,Data2,9,Data3,96
16:42:06,MsgId,6,Data0,1,Data1,3,Data2,14,Data3,116
16:42:06,MsgId,6,Data0,1,Data1,4,Data2,19,Data3,136
16:42:06,MsgId,6,Data0,1,Data1,5,Data2,24,Data3,212
16:42:06,MsgId,6,Data0,2,Data1,1,Data2,4,Data3,76
16:42:07,MsgId,6,Data0,2,Data1,2,Data2,9,Data3,96
16:42:07,MsgId,6,Data0,2,Data1,3,Data2,14,Data3,216
16:42:07,MsgId,6,Data0,2,Data1,4,Data2,20,Data3,236
16:42:07,MsgId,6,Data0,2,Data1,5,Data2,24,Data3,212
16:42:07,MsgId,6,Data0,3,Data1,1,Data2,4,Data3,232
16:42:08,MsgId,6,Data0,3,Data1,2,Data2,9,Data3,252
16:42:08,MsgId,6,Data0,3,Data1,3,Data2,14,Data3,172
16:42:08,MsgId,6,Data0,3,Data1,4,Data2,19,Data3,36
16:42:08,MsgId,6,Data0,3,Data1,5,Data2,24,Data3,56
16:42:08,MsgId,6,Data0,4,Data1,1,Data2,4,Data3,232
16:42:09,MsgId,6,Data0,4,Data1,2,Data2,7,Data3,8
16:42:09,MsgId,6,Data0,4,Data1,3,Data2,13,Data3,72
16:42:09,MsgId,6,Data0,4,Data1,4,Data2,18,Data3,192
16:42:09,MsgId,6,Data0,4,Data1,5,Data2,24,Data3,56
16:42:09,MsgId,7,Data0,1,Data1,0,Data2,0
16:42:10,MsgId,7,Data0,2,Data1,0,Data2,0
16:42:10,MsgId,7,Data0,3,Data1,0,Data2,0
16:42:10,MsgId,7,Data0,4,Data1,0,Data2,0
16:42:10,MsgId,5
16:42:10,MsgId,51,Data0,0,Data1,61
16:42:10,MsgId,1
16:47:05,MsgId,6,Data0,1,Data1,1,Data2,3,Data3,132
16:47:06,MsgId,6,Data0,1,Data1,2,Data2,9,Data3,96
16:47:06,MsgId,6,Data0,1,Data1,3,Data2,14,Data3,16
16:47:06,MsgId,6,Data0,1,Data1,4,Data2,19,Data3,36
16:47:06,MsgId,6,Data0,1,Data1,5,Data2,23,Data3,112
16:47:06,MsgId,6,Data0,2,Data1,1,Data2,4,Data3,232
16:47:07,MsgId,6,Data0,2,Data1,2,Data2,9,Data3,252
16:47:07,MsgId,6,Data0,2,Data1,3,Data2,14,Data3,16
16:47:07,MsgId,6,Data0,2,Data1,4,Data2,19,Data3,36
16:47:07,MsgId,6,Data0,2,Data1,5,Data2,23,Data3,112
16:47:07,MsgId,6,Data0,3,Data1,1,Data2,4,Data3,232
16:47:08,MsgId,6,Data0,3,Data1,2,Data2,9,Data3,252
16:47:08,MsgId,6,Data0,3,Data1,3,Data2,13,Data3,72
16:47:08,MsgId,6,Data0,3,Data1,4,Data2,18,Data3,92
16:47:08,MsgId,6,Data0,3,Data1,5,Data2,23,Data3,112
16:47:08,MsgId,6,Data0,4,Data1,1,Data2,3,Data3,232
16:47:09,MsgId,6,Data0,4,Data1,2,Data2,7,Data3,8
16:47:09,MsgId,6,Data0,4,Data1,3,Data2,13,Data3,228
16:47:09,MsgId,6,Data0,4,Data1,4,Data2,18,Data3,92
16:47:09,MsgId,6,Data0,4,Data1,5,Data2,23,Data3,112
16:47:09,MsgId,7,Data0,1,Data1,0,Data2,0
16:47:10,MsgId,7,Data0,2,Data1,0,Data2,0
16:47:10,MsgId,7,Data0,3,Data1,0,Data2,0
16:47:10,MsgId,7,Data0,4,Data1,0,Data2,0
16:47:10,MsgId,5
16:47:10,MsgId,51,Data0,0,Data1,38
16:47:10,MsgId,1
16:52:05,MsgId,6,Data0,1,Data1,1,Data2,4,Data3,232
16:52:06,MsgId,6,Data0,1,Data1,2,Data2,9,Data3,196
16:52:06,MsgId,6,Data0,1,Data1,3,Data2,15,Data3,216
16:52:06,MsgId,6,Data0,1,Data1,4,Data2,20,Data3,80
16:52:06,MsgId,6,Data0,1,Data1,5,Data2,25,Data3,0
16:52:06,MsgId,6,Data0,2,Data1,1,Data2,4,Data3,76
16:52:07,MsgId,6,Data0,2,Data1,2,Data2,9,Data3,96
16:52:07,MsgId,6,Data0,2,Data1,3,Data2,15,Data3,216
16:52:07,MsgId,6,Data0,2,Data1,4,Data2,20,Data3,80
16:52:07,MsgId,6,Data0,2,Data1,5,Data2,25,Data3,100
16:52:07,MsgId,6,Data0,3,Data1,1,Data2,4,Data3,76
16:52:08,MsgId,6,Data0,3,Data1,2,Data2,9,Data3,196
16:52:08,MsgId,6,Data0,3,Data1,3,Data2,14,Data3,116
16:52:08,MsgId,6,Data0,3,Data1,4,Data2,20,Data3,236
16:52:08,MsgId,6,Data0,3,Data1,5,Data2,25,Data3,100
16:52:08,MsgId,6,Data0,4,Data1,1,Data2,3,Data3,232
16:52:09,MsgId,6,Data0,4,Data1,2,Data2,9,Data3,252
16:52:09,MsgId,6,Data0,4,Data1,3,Data2,14,Data3,216
16:52:09,MsgId,6,Data0,4,Data1,4,Data2,20,Data3,236
16:52:09,MsgId,6,Data0,4,Data1,5,Data2,25,Data3,100
16:52:09,MsgId,7,Data0,1,Data1,0,Data2,0
16:52:10,MsgId,7,Data0,2,Data1,0,Data2,0
16:52:10,MsgId,7,Data0,3,Data1,0,Data2,0
16:52:10,MsgId,7,Data0,4,Data1,0,Data2,0
16:52:10,MsgId,5
16:52:10,MsgId,51,Data0,0,Data1,27
16:52:10,MsgId,1
16:57:05,MsgId,6,Data0,1,Data1,1,Data2,3,Data3,132
16:57:06,MsgId,6,Data0,1,Data1,2,Data2,9,Data3,252
16:57:06,MsgId,6,Data0,1,Data1,3,Data2,13,Data3,172
16:57:06,MsgId,6,Data0,1,Data1,4,Data2,19,Data3,192
16:57:06,MsgId,6,Data0,1,Data1,5,Data2,23,Data3,112
16:57:06,MsgId,6,Data0,2,Data1,1,Data2,3,Data3,232
16:57:07,MsgId,6,Data0,2,Data1,2,Data2,8,Data3,152
16:57:07,MsgId,6,Data0,2,Data1,3,Data2,14,Data3,16
16:57:07,MsgId,6,Data0,2,Data1,4,Data2,19,Data3,192
16:57:07,MsgId,6,Data0,2,Data1,5,Data2,23,Data3,112
16:57:07,MsgId,6,Data0,3,Data1,1,Data2,3,Data3,232
16:57:08,MsgId,6,Data0,3,Data1,2,Data2,9,Data3,252
16:57:08,MsgId,6,Data0,3,Data1,3,Data2,13,Data3,172
16:57:08,MsgId,6,Data0,3,Data1,4,Data2,18,Data3,92
16:57:08,MsgId,6,Data0,3,Data1,5,Data2,23,Data3,212
16:57:08,MsgId,6,Data0,4,Data1,1,Data2,3,Data3,132
16:57:09,MsgId,6,Data0,4,Data1,2,Data2,8,Data3,52
16:57:09,MsgId,6,Data0,4,Data1,3,Data2,13,Data3,172
16:57:09,MsgId,6,Data0,4,Data1,4,Data2,18,Data3,92
16:57:09,MsgId,6,Data0,4,Data1,5,Data2,23,Data3,212
16:57:09,MsgId,7,Data0,1,Data1,0,Data2,0
16:57:10,MsgId,7,Data0,2,Data1,0,Data2,0
16:57:10,MsgId,7,Data0,3,Data1,0,Data2,0
16:57:10,MsgId,7,Data0,4,Data1,0,Data2,0
16:57:10,MsgId,5
16:57:10,MsgId,51,Data0,0,Data1,15
16:57:10,MsgId,1
17:02:05,MsgId,6,Data0,1,Data1,1,Data2,3,Data3,132
17:02:06,MsgId,6,Data0,1,Data1,2,Data2,9,Data3,252
17:02:06,MsgId,6,Data0,1,Data1,3,Data2,13,Data3,172
17:02:06,MsgId,6,Data0,1,Data1,4,Data2,19,Data3,192
17:02:06,MsgId,6,Data0,1,Data1,5,Data2,23,Data3,112
17:02:06,MsgId,6,Data0,2,Data1,1,Data2,3,Data3,232
17:02:07,MsgId,6,Data0,2,Data1,2,Data2,8,Data3,152
17:02:07,MsgId,6,Data0,2,Data1,3,Data2,14,Data3,16
17:02:07,MsgId,6,Data0,2,Data1,4,Data2,19,Data3,192
17:02:07,MsgId,6,Data0,2,Data1,5,Data2,23,Data3,112
17:02:07,MsgId,6,Data0,3,Data1,1,Data2,3,Data3,232
17:02:08,MsgId,6,Data0,3,Data1,2,Data2,9,Data3,252
17:02:08,MsgId,6,Data0,3,Data1,3,Data2,13,Data3,172
17:02:08,MsgId,6,Data0,3,Data1,4,Data2,18,Data3,192
17:02:08,MsgId,6,Data0,3,Data1,5,Data2,23,Data3,212
17:02:08,MsgId,6,Data0,4,Data1,1,Data2,3,Data3,132
17:02:09,MsgId,6,Data0,4,Data1,2,Data2,8,Data3,52
17:02:09,MsgId,6,Data0,4,Data1,3,Data2,13,Data3,172
17:02:09,MsgId,6,Data0,4,Data1,4,Data2,18,Data3,92
17:02:09,MsgId,6,Data0,4,Data1,5,Data2,23,Data3,212
17:02:09,MsgId,7,Data0,1,Data1,0,Data2,0
17:02:10,MsgId,7,Data0,2,Data1,0,Data2,0
17:02:10,MsgId,7,Data0,3,Data1,0,Data2,0
17:02:10,MsgId,7,Data0,4,Data1,0,Data2,0
17:02:10,MsgId,5
17:02:10,MsgId,51,Data0,0,Data1,11
17:02:10,MsgId,1
17:07:05,MsgId,6,Data0,1,Data1,1,Data2,3,Data3,132
17:07:06,MsgId,6,Data0,1,Data1,2,Data2,8,Data3,152
17:07:06,MsgId,6,Data0,1,Data1,3,Data2,13,Data3,228
17:07:06,MsgId,6,Data0,1,Data1,4,Data2,18,Data3,248
17:07:06,MsgId,6,Data0,1,Data1,5,Data2,22,Data3,68
17:07:06,MsgId,6,Data0,2,Data1,1,Data2,3,Data3,132
17:07:07,MsgId,6,Data0,2,Data1,2,Data2,8,Data3,52
17:07:07,MsgId,6,Data0,2,Data1,3,Data2,13,Data3,72
17:07:07,MsgId,6,Data0,2,Data1,4,Data2,18,Data3,248
17:07:07,MsgId,6,Data0,2,Data1,5,Data2,22,Data3,68
17:07:07,MsgId,6,Data0,3,Data1,1,Data2,3,Data3,132
17:07:08,MsgId,6,Data0,3,Data1,2,Data2,8,Data3,52
17:07:08,MsgId,6,Data0,3,Data1,3,Data2,12,Data3,228
17:07:08,MsgId,6,Data0,3,Data1,4,Data2,17,Data3,148
17:07:08,MsgId,6,Data0,3,Data1,5,Data2,22,Data3,68
17:07:08,MsgId,6,Data0,4,Data1,1,Data2,3,Data3,32
17:07:09,MsgId,6,Data0,4,Data1,2,Data2,7,Data3,208
17:07:09,MsgId,6,Data0,4,Data1,3,Data2,13,Data3,228
17:07:09,MsgId,6,Data0,4,Data1,4,Data2,17,Data3,148
17:07:09,MsgId,6,Data0,4,Data1,5,Data2,22,Data3,168
17:07:09,MsgId,7,Data0,1,Data1,0,Data2,0
17:07:10,MsgId,7,Data0,2,Data1,0,Data2,0
17:07:10,MsgId,7,Data0,3,Data1,0,Data2,0
17:07:10,MsgId,7,Data0,4,Data1,0,Data2,0
17:07:10,MsgId,5
17:07:10,MsgId,51,Data0,0,Data1,3
17:07:10,MsgId,1
17:12:05,MsgId,6,Data0,1,Data1,1,Data2,3,Data3,132
17:12:06,MsgId,6,Data0,1,Data1,2,Data2,8,Data3,152
17:12:06,MsgId,6,Data0,1,Data1,3,Data2,13,Data3,72
17:12:06,MsgId,6,Data0,1,Data1,4,Data2,18,Data3,92
17:12:06,MsgId,6,Data0,1,Data1,5,Data2,23,Data3,12
17:12:06,MsgId,6,Data0,2,Data1,1,Data2,3,Data3,132
17:12:07,MsgId,6,Data0,2,Data1,2,Data2,8,Data3,52
17:12:07,MsgId,6,Data0,2,Data1,3,Data2,13,Data3,172
17:12:07,MsgId,6,Data0,2,Data1,4,Data2,18,Data3,92
17:12:07,MsgId,6,Data0,2,Data1,5,Data2,23,Data3,12
17:12:08,MsgId,6,Data0,3,Data1,1,Data2,3,Data3,132
17:12:08,MsgId,6,Data0,3,Data1,2,Data2,8,Data3,152
17:12:08,MsgId,6,Data0,3,Data1,3,Data2,13,Data3,72
17:12:08,MsgId,6,Data0,3,Data1,4,Data2,18,Data3,248
17:12:08,MsgId,6,Data0,3,Data1,5,Data2,23,Data3,12
17:12:09,MsgId,6,Data0,4,Data1,1,Data2,3,Data3,32
17:12:09,MsgId,6,Data0,4,Data1,2,Data2,8,Data3,52
17:12:09,MsgId,6,Data0,4,Data1,3,Data2,13,Data3,72
17:12:09,MsgId,6,Data0,4,Data1,4,Data2,18,Data3,248
17:12:09,MsgId,6,Data0,4,Data1,5,Data2,23,Data3,112
17:12:10,MsgId,7,Data0,1,Data1,0,Data2,0
17:12:10,MsgId,7,Data0,2,Data1,0,Data2,0
17:12:10,MsgId,7,Data0,3,Data1,0,Data2,0
17:12:10,MsgId,7,Data0,4,Data1,0,Data2,0
17:12:10,MsgId,5
17:12:10,MsgId,51,Data0,0,Data1,7
17:12:10,MsgId,1
17:17:06,MsgId,6,Data0,1,Data1,1,Data2,3,Data3,188
17:17:06,MsgId,6,Data0,1,Data1,2,Data2,7,Data3,108
17:17:06,MsgId,6,Data0,1,Data1,3,Data2,11,Data3,84
17:17:06,MsgId,6,Data0,1,Data1,4,Data2,16,Data3,4
17:17:06,MsgId,6,Data0,1,Data1,5,Data2,20,Data3,236
17:17:07,MsgId,6,Data0,2,Data1,1,Data2,3,Data3,32
17:17:07,MsgId,6,Data0,2,Data1,2,Data2,7,Data3,8
17:17:07,MsgId,6,Data0,2,Data1,3,Data2,11,Data3,184
17:17:07,MsgId,6,Data0,2,Data1,4,Data2,16,Data3,4
17:17:07,MsgId,6,Data0,2,Data1,5,Data2,20,Data3,236
17:17:08,MsgId,6,Data0,3,Data1,1,Data2,3,Data3,188
17:17:08,MsgId,6,Data0,3,Data1,2,Data2,7,Data3,8
17:17:08,MsgId,6,Data0,3,Data1,3,Data2,11,Data3,240
17:17:08,MsgId,6,Data0,3,Data1,4,Data2,15,Data3,60
17:17:08,MsgId,6,Data0,3,Data1,5,Data2,19,Data3,136
17:17:09,MsgId,6,Data0,4,Data1,1,Data2,2,Data3,188
17:17:09,MsgId,6,Data0,4,Data1,2,Data2,7,Data3,8
17:17:09,MsgId,6,Data0,4,Data1,3,Data2,11,Data3,84
17:17:09,MsgId,6,Data0,4,Data1,4,Data2,15,Data3,160
17:17:09,MsgId,6,Data0,4,Data1,5,Data2,20,Data3,80
17:17:10,MsgId,7,Data0,1,Data1,0,Data2,0
17:17:10,MsgId,7,Data0,2,Data1,0,Data2,0
17:17:10,MsgId,7,Data0,3,Data1,0,Data2,0
17:17:10,MsgId,7,Data0,4,Data1,0,Data2,0
17:17:10,MsgId,5
17:17:10,MsgId,51,Data0,0,Data1,7
17:17:10,MsgId,1
17:22:06,MsgId,6,Data0,1,Data1,1,Data2,1,Data3,44
17:22:06,MsgId,6,Data0,1,Data1,2,Data2,4,Data3,76
17:22:06,MsgId,6,Data0,1,Data1,3,Data2,7,Data3,8
17:22:06,MsgId,6,Data0,1,Data1,4,Data2,10,Data3,196
17:22:06,MsgId,6,Data0,1,Data1,5,Data2,12,Data3,228
17:22:07,MsgId,6,Data0,2,Data1,1,Data2,1,Data3,44
17:22:07,MsgId,6,Data0,2,Data1,2,Data2,4,Data3,232
17:22:07,MsgId,6,Data0,2,Data1,3,Data2,7,Data3,8
17:22:07,MsgId,6,Data0,2,Data1,4,Data2,10,Data3,40
17:22:07,MsgId,6,Data0,2,Data1,5,Data2,13,Data3,228
17:22:08,MsgId,6,Data0,3,Data1,1,Data2,1,Data3,144
17:22:08,MsgId,6,Data0,3,Data1,2,Data2,4,Data3,76
17:22:08,MsgId,6,Data0,3,Data1,3,Data2,6,Data3,164
17:22:08,MsgId,6,Data0,3,Data1,4,Data2,9,Data3,96
17:22:08,MsgId,6,Data0,3,Data1,5,Data2,13,Data3,228
17:22:09,MsgId,6,Data0,4,Data1,1,Data2,1,Data3,200
17:22:09,MsgId,6,Data0,4,Data1,2,Data2,3,Data3,132
17:22:09,MsgId,6,Data0,4,Data1,3,Data2,6,Data3,64
17:22:09,MsgId,6,Data0,4,Data1,4,Data2,9,Data3,96
17:22:09,MsgId,6,Data0,4,Data1,5,Data2,13,Data3,228
17:22:10,MsgId,7,Data0,1,Data1,0,Data2,0
17:22:10,MsgId,7,Data0,2,Data1,0,Data2,0
17:22:10,MsgId,7,Data0,3,Data1,0,Data2,0
17:22:10,MsgId,7,Data0,4,Data1,0,Data2,0
17:22:10,MsgId,5
17:22:10,MsgId,51,Data0,0,Data1,7
17:22:10,MsgId,1
17:27:06,MsgId,6,Data0,1,Data1,1,Data2,0,Data3,0
17:27:06,MsgId,6,Data0,1,Data1,2,Data2,1,Data3,44
17:27:06,MsgId,6,Data0,1,Data1,3,Data2,3,Data3,188
17:27:06,MsgId,6,Data0,1,Data1,4,Data2,4,Data3,76
17:27:06,MsgId,6,Data0,1,Data1,5,Data2,6,Data3,64
17:27:07,MsgId,6,Data0,2,Data1,1,Data2,0,Data3,0
17:27:07,MsgId,6,Data0,2,Data1,2,Data2,1,Data3,44
17:27:07,MsgId,6,Data0,2,Data1,3,Data2,2,Data3,188
17:27:07,MsgId,6,Data0,2,Data1,4,Data2,4,Data3,176
17:27:07,MsgId,6,Data0,2,Data1,5,Data2,6,Data3,64
17:27:08,MsgId,6,Data0,3,Data1,1,Data2,0,Data3,0
17:27:08,MsgId,6,Data0,3,Data1,2,Data2,1,Data3,44
17:27:08,MsgId,6,Data0,3,Data1,3,Data2,2,Data3,88
17:27:08,MsgId,6,Data0,3,Data1,4,Data2,4,Data3,76
17:27:08,MsgId,6,Data0,3,Data1,5,Data2,6,Data3,64
17:27:09,MsgId,6,Data0,4,Data1,1,Data2,0,Data3,0
17:27:09,MsgId,6,Data0,4,Data1,2,Data2,0,Data3,100
17:27:09,MsgId,6,Data0,4,Data1,3,Data2,2,Data3,244
17:27:09,MsgId,6,Data0,4,Data1,4,Data2,4,Data3,232
17:27:09,MsgId,6,Data0,4,Data1,5,Data2,6,Data3,64
17:27:10,MsgId,7,Data0,1,Data1,0,Data2,0
17:27:10,MsgId,7,Data0,2,Data1,0,Data2,0
17:27:10,MsgId,7,Data0,3,Data1,0,Data2,0
17:27:10,MsgId,7,Data0,4,Data1,0,Data2,0
17:27:10,MsgId,5
17:27:10,MsgId,51,Data0,0,Data1,7
17:27:10,MsgId,1
17:32:06,MsgId,6,Data0,1,Data1,1,Data2,0,Data3,0
17:32:06,MsgId,6,Data0,1,Data1,2,Data2,0,Data3,0
17:32:06,MsgId,6,Data0,1,Data1,3,Data2,0,Data3,100
17:32:06,MsgId,6,Data0,1,Data1,4,Data2,1,Data3,44
17:32:06,MsgId,6,Data0,1,Data1,5,Data2,2,Data3,88
17:32:07,MsgId,6,Data0,2,Data1,1,Data2,0,Data3,0
17:32:07,MsgId,6,Data0,2,Data1,2,Data2,0,Data3,0
17:32:07,MsgId,6,Data0,2,Data1,3,Data2,0,Data3,100
17:32:07,MsgId,6,Data0,2,Data1,4,Data2,1,Data3,144
17:32:07,MsgId,6,Data0,2,Data1,5,Data2,2,Data3,88
17:32:08,MsgId,6,Data0,3,Data1,1,Data2,0,Data3,0
17:32:08,MsgId,6,Data0,3,Data1,2,Data2,0,Data3,0
17:32:08,MsgId,6,Data0,3,Data1,3,Data2,0,Data3,100
17:32:08,MsgId,6,Data0,3,Data1,4,Data2,1,Data3,44
17:32:08,MsgId,6,Data0,3,Data1,5,Data2,2,Data3,88
17:32:09,MsgId,6,Data0,4,Data1,1,Data2,0,Data3,0
17:32:09,MsgId,6,Data0,4,Data1,2,Data2,0,Data3,0
17:32:09,MsgId,6,Data0,4,Data1,3,Data2,0,Data3,0
17:32:09,MsgId,6,Data0,4,Data1,4,Data2,1,Data3,44
17:32:09,MsgId,6,Data0,4,Data1,5,Data2,2,Data3,88
17:32:10,MsgId,7,Data0,1,Data1,0,Data2,0
17:32:10,MsgId,7,Data0,2,Data1,0,Data2,0
17:32:10,MsgId,7,Data0,3,Data1,0,Data2,0
17:32:10,MsgId,7,Data0,4,Data1,0,Data2,0
17:32:10,MsgId,5
17:32:10,MsgId,51,Data0,0,Data1,7
17:32:10,MsgId,1
17:37:06,MsgId,6,Data0,1,Data1,1,Data2,0,Data3,0
17:37:06,MsgId,6,Data0,1,Data1,2,Data2,0,Data3,0
17:37:06,MsgId,6,Data0,1,Data1,3,Data2,0,Data3,0
17:37:06,MsgId,6,Data0,1,Data1,4,Data2,0,Data3,0
17:37:06,MsgId,6,Data0,1,Data1,5,Data2,0,Data3,200
17:37:07,MsgId,6,Data0,2,Data1,1,Data2,0,Data3,0
17:37:07,MsgId,6,Data0,2,Data1,2,Data2,0,Data3,0
17:37:07,MsgId,6,Data0,2,Data1,3,Data2,0,Data3,0
17:37:07,MsgId,6,Data0,2,Data1,4,Data2,0,Data3,100
17:37:07,MsgId,6,Data0,2,Data1,5,Data2,0,Data3,200
17:37:08,MsgId,6,Data0,3,Data1,1,Data2,0,Data3,0
17:37:08,MsgId,6,Data0,3,Data1,2,Data2,0,Data3,0
17:37:08,MsgId,6,Data0,3,Data1,3,Data2,0,Data3,0
17:37:08,MsgId,6,Data0,3,Data1,4,Data2,0,Data3,0
17:37:08,MsgId,6,Data0,3,Data1,5,Data2,0,Data3,200
17:37:09,MsgId,6,Data0,4,Data1,1,Data2,0,Data3,0
17:37:09,MsgId,6,Data0,4,Data1,2,Data2,0,Data3,0
17:37:09,MsgId,6,Data0,4,Data1,3,Data2,0,Data3,0
17:37:09,MsgId,6,Data0,4,Data1,4,Data2,0,Data3,0
17:37:09,MsgId,6,Data0,4,Data1,5,Data2,0,Data3,200
17:37:10,MsgId,7,Data0,1,Data1,0,Data2,0
17:37:10,MsgId,7,Data0,2,Data1,0,Data2,0
17:37:10,MsgId,7,Data0,3,Data1,0,Data2,0
17:37:10,MsgId,7,Data0,4,Data1,0,Data2,0
17:37:10,MsgId,5
17:37:10,MsgId,51,Data0,0,Data1,3
17:37:10,MsgId,1
17:42:06,MsgId,6,Data0,1,Data1,1,Data2,0,Data3,0
17:42:06,MsgId,6,Data0,1,Data1,2,Data2,0,Data3,0
17:42:06,MsgId,6,Data0,1,Data1,3,Data2,0,Data3,0
17:42:06,MsgId,6,Data0,1,Data1,4,Data2,0,Data3,0
17:42:06,MsgId,6,Data0,1,Data1,5,Data2,0,Data3,0
17:42:07,MsgId,6,Data0,2,Data1,1,Data2,0,Data3,0
17:42:07,MsgId,6,Data0,2,Data1,2,Data2,0,Data3,0
17:42:07,MsgId,6,Data0,2,Data1,3,Data2,0,Data3,0
17:42:07,MsgId,6,Data0,2,Data1,4,Data2,0,Data3,0
17:42:07,MsgId,6,Data0,2,Data1,5,Data2,0,Data3,0
17:42:08,MsgId,6,Data0,3,Data1,1,Data2,0,Data3,0
17:42:08,MsgId,6,Data0,3,Data1,2,Data2,0,Data3,0
17:42:08,MsgId,6,Data0,3,Data1,3,Data2,0,Data3,0
17:42:08,MsgId,6,Data0,3,Data1,4,Data2,0,Data3,0
17:42:08,MsgId,6,Data0,3,Data1,5,Data2,0,Data3,0
17:42:09,MsgId,6,Data0,4,Data1,1,Data2,0,Data3,0
17:42:09,MsgId,6,Data0,4,Data1,2,Data2,0,Data3,0
17:42:09,MsgId,6,Data0,4,Data1,3,Data2,0,Data3,0
17:42:09,MsgId,6,Data0,4,Data1,4,Data2,0,Data3,0
17:42:09,MsgId,6,Data0,4,Data1,5,Data2,0,Data3,0
17:42:10,MsgId,7,Data0,1,Data1,0,Data2,0
17:42:10,MsgId,7,Data0,2,Data1,0,Data2,0
17:42:10,MsgId,7,Data0,3,Data1,0,Data2,0
17:42:10,MsgId,7,Data0,4,Data1,0,Data2,0
17:42:10,MsgId,5
17:42:10,MsgId,51,Data0,0,Data1,7
17:42:10,MsgId,1
17:47:06,MsgId,6,Data0,1,Data1,1,Data2,0,Data3,0
17:47:06,MsgId,6,Data0,1,Data1,2,Data2,0,Data3,0
17:47:06,MsgId,6,Data0,1,Data1,3,Data2,0,Data3,0
17:47:06,MsgId,6,Data0,1,Data1,4,Data2,0,Data3,0
17:47:06,MsgId,6,Data0,1,Data1,5,Data2,0,Data3,0
17:47:07,MsgId,6,Data0,2,Data1,1,Data2,0,Data3,0
17:47:07,MsgId,6,Data0,2,Data1,2,Data2,0,Data3,0
17:47:07,MsgId,6,Data0,2,Data1,3,Data2,0,Data3,0
17:47:07,MsgId,6,Data0,2,Data1,4,Data2,0,Data3,0
17:47:07,MsgId,6,Data0,2,Data1,5,Data2,0,Data3,0
17:47:08,MsgId,6,Data0,3,Data1,1,Data2,0,Data3,0
17:47:08,MsgId,6,Data0,3,Data1,2,Data2,0,Data3,0
17:47:08,MsgId,6,Data0,3,Data1,3,Data2,0,Data3,0
17:47:08,MsgId,6,Data0,3,Data1,4,Data2,0,Data3,0
17:47:08,MsgId,6,Data0,3,Data1,5,Data2,0,Data3,0
17:47:09,MsgId,6,Data0,4,Data1,1,Data2,0,Data3,0
17:47:09,MsgId,6,Data0,4,Data1,2,Data2,0,Data3,0
17:47:09,MsgId,6,Data0,4,Data1,3,Data2,0,Data3,0
17:47:09,MsgId,6,Data0,4,Data1,4,Data2,0,Data3,0
17:47:09,MsgId,6,Data0,4,Data1,5,Data2,0,Data3,0
17:47:10,MsgId,7,Data0,1,Data1,0,Data2,0
17:47:10,MsgId,7,Data0,2,Data1,0,Data2,0
17:47:10,MsgId,7,Data0,3,Data1,0,Data2,0
17:47:10,MsgId,7,Data0,4,Data1,0,Data2,0
17:47:10,MsgId,5
17:47:10,MsgId,51,Data0,0,Data1,3
17:47:10,MsgId,1
17:52:06,MsgId,6,Data0,1,Data1,1,Data2,0,Data3,0
17:52:06,MsgId,6,Data0,1,Data1,2,Data2,0,Data3,0
17:52:06,MsgId,6,Data0,1,Data1,3,Data2,0,Data3,0
17:52:06,MsgId,6,Data0,1,Data1,4,Data2,0,Data3,0
17:52:06,MsgId,6,Data0,1,Data1,5,Data2,0,Data3,0
17:52:07,MsgId,6,Data0,2,Data1,1,Data2,0,Data3,0
17:52:07,MsgId,6,Data0,2,Data1,2,Data2,0,Data3,0
17:52:07,MsgId,6,Data0,2,Data1,3,Data2,0,Data3,0
17:52:07,MsgId,6,Data0,2,Data1,4,Data2,0,Data3,0
17:52:07,MsgId,6,Data0,2,Data1,5,Data2,0,Data3,0
17:52:08,MsgId,6,Data0,3,Data1,1,Data2,0,Data3,0
17:52:08,MsgId,6,Data0,3,Data1,2,Data2,0,Data3,0
17:52:08,MsgId,6,Data0,3,Data1,3,Data2,0,Data3,0
17:52:08,MsgId,6,Data0,3,Data1,4,Data2,0,Data3,0
17:52:09,MsgId,6,Data0,3,Data1,5,Data2,0,Data3,0
17:52:09,MsgId,6,Data0,4,Data1,1,Data2,0,Data3,0
17:52:09,MsgId,6,Data0,4,Data1,2,Data2,0,Data3,0
17:52:09,MsgId,6,Data0,4,Data1,3,Data2,0,Data3,0
17:52:09,MsgId,6,Data0,4,Data1,4,Data2,0,Data3,0
17:52:10,MsgId,6,Data0,4,Data1,5,Data2,0,Data3,0
17:52:10,MsgId,7,Data0,1,Data1,0,Data2,0
17:52:10,MsgId,7,Data0,2,Data1,0,Data2,0
17:52:10,MsgId,7,Data0,3,Data1,0,Data2,0
17:52:10,MsgId,7,Data0,4,Data1,0,Data2,0
17:52:10,MsgId,5
17:52:10,MsgId,51,Data0,0,Data1,3
17:52:10,MsgId,1
17:57:06,MsgId,6,Data0,1,Data1,1,Data2,0,Data3,0
17:57:06,MsgId,6,Data0,1,Data1,2,Data2,0,Data3,0
17:57:06,MsgId,6,Data0,1,Data1,3,Data2,0,Data3,0
17:57:06,MsgId,6,Data0,1,Data1,4,Data2,0,Data3,0
17:57:06,MsgId,6,Data0,1,Data1,5,Data2,0,Data3,0
17:57:07,MsgId,6,Data0,2,Data1,1,Data2,0,Data3,0
17:57:07,MsgId,6,Data0,2,Data1,2,Data2,0,Data3,0
17:57:07,MsgId,6,Data0,2,Data1,3,Data2,0,Data3,0
17:57:07,MsgId,6,Data0,2,Data1,4,Data2,0,Data3,0
17:57:08,MsgId,6,Data0,2,Data1,5,Data2,0,Data3,0
17:57:08,MsgId,6,Data0,3,Data1,1,Data2,0,Data3,0
17:57:08,MsgId,6,Data0,3,Data1,2,Data2,0,Data3,0
17:57:08,MsgId,6,Data0,3,Data1,3,Data2,0,Data3,0
17:57:08,MsgId,6,Data0,3,Data1,4,Data2,0,Data3,0
17:57:09,MsgId,6,Data0,3,Data1,5,Data2,0,Data3,0
17:57:09,MsgId,6,Data0,4,Data1,1,Data2,0,Data3,0
17:57:09,MsgId,6,Data0,4,Data1,2,Data2,0,Data3,0
17:57:09,MsgId,6,Data0,4,Data1,3,Data2,0,Data3,0
17:57:09,MsgId,6,Data0,4,Data1,4,Data2,0,Data3,0
17:57:10,MsgId,6,Data0,4,Data1,5,Data2,0,Data3,0
17:57:10,MsgId,7,Data0,1,Data1,0,Data2,0
17:57:10,MsgId,7,Data0,2,Data1,0,Data2,0
17:57:10,MsgId,7,Data0,3,Data1,0,Data2,0
17:57:10,MsgId,7,Data0,4,Data1,0,Data2,0
17:57:10,MsgId,5
17:57:10,MsgId,51,Data0,0,Data1,3
17:57:10,MsgId,1
18:02:06,MsgId,6,Data0,1,Data1,1,Data2,0,Data3,0
18:02:06,MsgId,6,Data0,1,Data1,2,Data2,0,Data3,0
18:02:06,MsgId,6,Data0,1,Data1,3,Data2,0,Data3,0
18:02:06,MsgId,6,Data0,1,Data1,4,Data2,0,Data3,0
18:02:07,MsgId,6,Data0,1,Data1,5,Data2,0,Data3,0
18:02:07,MsgId,6,Data0,2,Data1,1,Data2,0,Data3,0
18:02:07,MsgId,6,Data0,2,Data1,2,Data2,0,Data3,0
18:02:07,MsgId,6,Data0,2,Data1,3,Data2,0,Data3,0
18:02:07,MsgId,6,Data0,2,Data1,4,Data2,0,Data3,0
18:02:08,MsgId,6,Data0,2,Data1,5,Data2,0,Data3,0
18:02:08,MsgId,6,Data0,3,Data1,1,Data2,0,Data3,0
18:02:08,MsgId,6,Data0,3,Data1,2,Data2,0,Data3,0
18:02:08,MsgId,6,Data0,3,Data1,3,Data2,0,Data3,0
18:02:08,MsgId,6,Data0,3,Data1,4,Data2,0,Data3,0
18:02:09,MsgId,6,Data0,3,Data1,5,Data2,0,Data3,0
18:02:09,MsgId,6,Data0,4,Data1,1,Data2,0,Data3,0
18:02:09,MsgId,6,Data0,4,Data1,2,Data2,0,Data3,0
18:02:09,MsgId,6,Data0,4,Data1,3,Data2,0,Data3,0
18:02:09,MsgId,6,Data0,4,Data1,4,Data2,0,Data3,0
18:02:10,MsgId,6,Data0,4,Data1,5,Data2,0,Data3,0
18:02:10,MsgId,7,Data0,1,Data1,0,Data2,0
18:02:10,MsgId,7,Data0,2,Data1,0,Data2,0
18:02:10,MsgId,7,Data0,3,Data1,0,Data2,0
18:02:10,MsgId,7,Data0,4,Data1,0,Data2,0
18:02:10,MsgId,5
18:02:10,MsgId,51,Data0,0,Data1,7
18:02:11,MsgId,1
18:07:06,MsgId,6,Data0,1,Data1,1,Data2,0,Data3,0
18:07:06,MsgId,6,Data0,1,Data1,2,Data2,0,Data3,0
18:07:06,MsgId,6,Data0,1,Data1,3,Data2,0,Data3,0
18:07:06,MsgId,6,Data0,1,Data1,4,Data2,0,Data3,0
18:07:07,MsgId,6,Data0,1,Data1,5,Data2,0,Data3,0
18:07:07,MsgId,6,Data0,2,Data1,1,Data2,0,Data3,0
18:07:07,MsgId,6,Data0,2,Data1,2,Data2,0,Data3,0
18:07:07,MsgId,6,Data0,2,Data1,3,Data2,0,Data3,0
18:07:07,MsgId,6,Data0,2,Data1,4,Data2,0,Data3,0
18:07:08,MsgId,6,Data0,2,Data1,5,Data2,0,Data3,0
18:07:08,MsgId,6,Data0,3,Data1,1,Data2,0,Data3,0
18:07:08,MsgId,6,Data0,3,Data1,2,Data2,0,Data3,0
18:07:08,MsgId,6,Data0,3,Data1,3,Data2,0,Data3,0
18:07:08,MsgId,6,Data0,3,Data1,4,Data2,0,Data3,0
18:07:09,MsgId,6,Data0,3,Data1,5,Data2,0,Data3,0
18:07:09,MsgId,6,Data0,4,Data1,1,Data2,0,Data3,0
18:07:09,MsgId,6,Data0,4,Data1,2,Data2,0,Data3,0
18:07:09,MsgId,6,Data0,4,Data1,3,Data2,0,Data3,0
18:07:09,MsgId,6,Data0,4,Data1,4,Data2,0,Data3,0
18:07:10,MsgId,6,Data0,4,Data1,5,Data2,0,Data3,0
18:07:10,MsgId,7,Data0,1,Data1,0,Data2,0
18:07:10,MsgId,7,Data0,2,Data1,0,Data2,0
18:07:10,MsgId,7,Data0,3,Data1,0,Data2,0
18:07:10,MsgId,7,Data0,4,Data1,0,Data2,0
18:07:10,MsgId,5
18:07:10,MsgId,51,Data0,0,Data1,3
18:07:11,MsgId,1
18:12:06,MsgId,6,Data0,1,Data1,1,Data2,0,Data3,0
18:12:06,MsgId,6,Data0,1,Data1,2,Data2,0,Data3,0
18:12:06,MsgId,6,Data0,1,Data1,3,Data2,0,Data3,0
18:12:06,MsgId,6,Data0,1,Data1,4,Data2,0,Data3,0
18:12:07,MsgId,6,Data0,1,Data1,5,Data2,0,Data3,0
18:12:07,MsgId,6,Data0,2,Data1,1,Data2,0,Data3,0
18:12:07,MsgId,6,Data0,2,Data1,2,Data2,0,Data3,0
18:12:07,MsgId,6,Data0,2,Data1,3,Data2,0,Data3,0
18:12:07,MsgId,6,Data0,2,Data1,4,Data2,0,Data3,0
18:12:08,MsgId,6,Data0,2,Data1,5,Data2,0,Data3,0
18:12:08,MsgId,6,Data0,3,Data1,1,Data2,0,Data3,0
18:12:08,MsgId,6,Data0,3,Data1,2,Data2,0,Data3,0
18:12:08,MsgId,6,Data0,3,Data1,3,Data2,0,Data3,0
18:12:08,MsgId,6,Data0,3,Data1,4,Data2,0,Data3,0
18:12:09,MsgId,6,Data0,3,Data1,5,Data2,0,Data3,0
18:12:09,MsgId,6,Data0,4,Data1,1,Data2,0,Data3,0
18:12:09,MsgId,6,Data0,4,Data1,2,Data2,0,Data3,0
18:12:09,MsgId,6,Data0,4,Data1,3,Data2,0,Data3,0
18:12:09,MsgId,6,Data0,4,Data1,4,Data2,0,Data3,0
18:12:10,MsgId,6,Data0,4,Data1,5,Data2,0,Data3,0
18:12:10,MsgId,7,Data0,1,Data1,0,Data2,0
18:12:10,MsgId,7,Data0,2,Data1,0,Data2,0
18:12:10,MsgId,7,Data0,3,Data1,0,Data2,0
18:12:10,MsgId,7,Data0,4,Data1,0,Data2,0
18:12:10,MsgId,5
18:12:10,MsgId,51,Data0,0,Data1,0
18:12:11,MsgId,1
18:17:06,MsgId,6,Data0,1,Data1,1,Data2,0,Data3,0
18:17:06,MsgId,6,Data0,1,Data1,2,Data2,0,Data3,0
18:17:06,MsgId,6,Data0,1,Data1,3,Data2,0,Data3,0
18:17:06,MsgId,6,Data0,1,Data1,4,Data2,0,Data3,0
18:17:07,MsgId,6,Data0,1,Data1,5,Data2,0,Data3,0
18:17:07,MsgId,6,Data0,2,Data1,1,Data2,0,Data3,0
18:17:07,MsgId,6,Data0,2,Data1,2,Data2,0,Data3,0
18:17:07,MsgId,6,Data0,2,Data1,3,Data2,0,Data3,0
18:17:07,MsgId,6,Data0,2,Data1,4,Data2,0,Data3,0
18:17:08,MsgId,6,Data0,2,Data1,5,Data2,0,Data3,0
18:17:08,MsgId,6,Data0,3,Data1,1,Data2,0,Data3,0
18:17:08,MsgId,6,Data0,3,Data1,2,Data2,0,Data3,0
18:17:08,MsgId,6,Data0,3,Data1,3,Data2,0,Data3,0
18:17:08,MsgId,6,Data0,3,Data1,4,Data2,0,Data3,0
18:17:09,MsgId,6,Data0,3,Data1,5,Data2,0,Data3,0
18:17:09,MsgId,6,Data0,4,Data1,1,Data2,0,Data3,0
18:17:09,MsgId,6,Data0,4,Data1,2,Data2,0,Data3,0
18:17:09,MsgId,6,Data0,4,Data1,3,Data2,0,Data3,0
18:17:09,MsgId,6,Data0,4,Data1,4,Data2,0,Data3,0
18:17:10,MsgId,6,Data0,4,Data1,5,Data2,0,Data3,0
18:17:10,MsgId,7,Data0,1,Data1,0,Data2,0
18:17:10,MsgId,7,Data0,2,Data1,0,Data2,0
18:17:10,MsgId,7,Data0,3,Data1,0,Data2,0
18:17:10,MsgId,7,Data0,4,Data1,0,Data2,0
18:17:10,MsgId,5
18:17:10,MsgId,51,Data0,0,Data1,3
18:17:11,MsgId,1
18:22:06,MsgId,6,Data0,1,Data1,1,Data2,0,Data3,0
18:22:06,MsgId,6,Data0,1,Data1,2,Data2,0,Data3,0
18:22:06,MsgId,6,Data0,1,Data1,3,Data2,0,Data3,0
18:22:06,MsgId,6,Data0,1,Data1,4,Data2,0,Data3,0
18:22:07,MsgId,6,Data0,1,Data1,5,Data2,0,Data3,0
18:22:07,MsgId,6,Data0,2,Data1,1,Data2,0,Data3,0
18:22:07,MsgId,6,Data0,2,Data1,2,Data2,0,Data3,0
18:22:07,MsgId,6,Data0,2,Data1,3,Data2,0,Data3,0
18:22:07,MsgId,6,Data0,2,Data1,4,Data2,0,Data3,0
18:22:08,MsgId,6,Data0,2,Data1,5,Data2,0,Data3,0
18:22:08,MsgId,6,Data0,3,Data1,1,Data2,0,Data3,0
18:22:08,MsgId,6,Data0,3,Data1,2,Data2,0,Data3,0
18:22:08,MsgId,6,Data0,3,Data1,3,Data2,0,Data3,0
18:22:08,MsgId,6,Data0,3,Data1,4,Data2,0,Data3,0
18:22:09,MsgId,6,Data0,3,Data1,5,Data2,0,Data3,0
18:22:09,MsgId,6,Data0,4,Data1,1,Data2,0,Data3,0
18:22:09,MsgId,6,Data0,4,Data1,2,Data2,0,Data3,0
18:22:09,MsgId,6,Data0,4,Data1,3,Data2,0,Data3,0
18:22:09,MsgId,6,Data0,4,Data1,4,Data2,0,Data3,0
18:22:10,MsgId,6,Data0,4,Data1,5,Data2,0,Data3,0
18:22:10,MsgId,7,Data0,1,Data1,0,Data2,0
18:22:10,MsgId,7,Data0,2,Data1,0,Data2,0
18:22:10,MsgId,7,Data0,3,Data1,0,Data2,0
18:22:10,MsgId,7,Data0,4,Data1,0,Data2,0
18:22:10,MsgId,5
18:22:11,MsgId,51,Data0,0,Data1,0
18:22:11,MsgId,1
18:27:06,MsgId,6,Data0,1,Data1,1,Data2,0,Data3,0
18:27:06,MsgId,6,Data0,1,Data1,2,Data2,0,Data3,0
18:27:06,MsgId,6,Data0,1,Data1,3,Data2,0,Data3,0
18:27:06,MsgId,6,Data0,1,Data1,4,Data2,0,Data3,0
18:27:07,MsgId,6,Data0,1,Data1,5,Data2,0,Data3,0
18:27:07,MsgId,6,Data0,2,Data1,1,Data2,0,Data3,0
18:27:07,MsgId,6,Data0,2,Data1,2,Data2,0,Data3,0
18:27:07,MsgId,6,Data0,2,Data1,3,Data2,0,Data3,0
18:27:07,MsgId,6,Data0,2,Data1,4,Data2,0,Data3,0
18:27:08,MsgId,6,Data0,2,Data1,5,Data2,0,Data3,0
18:27:08,MsgId,6,Data0,3,Data1,1,Data2,0,Data3,0
18:27:08,MsgId,6,Data0,3,Data1,2,Data2,0,Data3,0
18:27:08,MsgId,6,Data0,3,Data1,3,Data2,0,Data3,0
18:27:08,MsgId,6,Data0,3,Data1,4,Data2,0,Data3,0
18:27:09,MsgId,6,Data0,3,Data1,5,Data2,0,Data3,0
18:27:09,MsgId,6,Data0,4,Data1,1,Data2,0,Data3,0
18:27:09,MsgId,6,Data0,4,Data1,2,Data2,0,Data3,0
18:27:09,MsgId,6,Data0,4,Data1,3,Data2,0,Data3,0
18:27:09,MsgId,6,Data0,4,Data1,4,Data2,0,Data3,0
18:27:10,MsgId,6,Data0,4,Data1,5,Data2,0,Data3,0
18:27:10,MsgId,7,Data0,1,Data1,0,Data2,0
18:27:10,MsgId,7,Data0,2,Data1,0,Data2,0
18:27:10,MsgId,7,Data0,3,Data1,0,Data2,0
18:27:10,MsgId,7,Data0,4,Data1,0,Data2,0
18:27:11,MsgId,5
18:27:11,MsgId,51,Data0,0,Data1,3
18:27:11,MsgId,1
18:32:06,MsgId,6,Data0,1,Data1,1,Data2,0,Data3,0
18:32:06,MsgId,6,Data0,1,Data1,2,Data2,0,Data3,0
18:32:06,MsgId,6,Data0,1,Data1,3,Data2,0,Data3,0
18:32:06,MsgId,6,Data0,1,Data1,4,Data2,0,Data3,0
18:32:07,MsgId,6,Data0,1,Data1,5,Data2,0,Data3,0
18:32:07,MsgId,6,Data0,2,Data1,1,Data2,0,Data3,0
18:32:07,MsgId,6,Data0,2,Data1,2,Data2,0,Data3,0
18:32:07,MsgId,6,Data0,2,Data1,3,Data2,0,Data3,0
18:32:07,MsgId,6,Data0,2,Data1,4,Data2,0,Data3,0
18:32:08,MsgId,6,Data0,2,Data1,5,Data2,0,Data3,0
18:32:08,MsgId,6,Data0,3,Data1,1,Data2,0,Data3,0
18:32:08,MsgId,6,Data0,3,Data1,2,Data2,0,Data3,0
18:32:08,MsgId,6,Data0,3,Data1,3,Data2,0,Data3,0
18:32:08,MsgId,6,Data0,3,Data1,4,Data2,0,Data3,0
18:32:09,MsgId,6,Data0,3,Data1,5,Data2,0,Data3,0
18:32:09,MsgId,6,Data0,4,Data1,1,Data2,0,Data3,0
18:32:09,MsgId,6,Data0,4,Data1,2,Data2,0,Data3,0
18:32:09,MsgId,6,Data0,4,Data1,3,Data2,0,Data3,0
18:32:09,MsgId,6,Data0,4,Data1,4,Data2,0,Data3,0
18:32:10,MsgId,6,Data0,4,Data1,5,Data2,0,Data3,0
18:32:10,MsgId,7,Data0,1,Data1,0,Data2,0
18:32:10,MsgId,7,Data0,2,Data1,0,Data2,0
18:32:10,MsgId,7,Data0,3,Data1,0,Data2,0
18:32:10,MsgId,7,Data0,4,Data1,0,Data2,0
18:32:11,MsgId,5
18:32:11,MsgId,51,Data0,0,Data1,0
18:32:11,MsgId,1
18:37:06,MsgId,6,Data0,1,Data1,1,Data2,0,Data3,0
18:37:06,MsgId,6,Data0,1,Data1,2,Data2,0,Data3,0
18:37:06,MsgId,6,Data0,1,Data1,3,Data2,0,Data3,0
18:37:06,MsgId,6,Data0,1,Data1,4,Data2,0,Data3,0
18:37:07,MsgId,6,Data0,1,Data1,5,Data2,0,Data3,0
18:37:07,MsgId,6,Data0,2,Data1,1,Data2,0,Data3,0
18:37:07,MsgId,6,Data0,2,Data1,2,Data2,0,Data3,0
18:37:07,MsgId,6,Data0,2,Data1,3,Data2,0,Data3,0
18:37:07,MsgId,6,Data0,2,Data1,4,Data2,0,Data3,0
18:37:08,MsgId,6,Data0,2,Data1,5,Data2,0,Data3,0
18:37:08,MsgId,6,Data0,3,Data1,1,Data2,0,Data3,0
18:37:08,MsgId,6,Data0,3,Data1,2,Data2,0,Data3,0
18:37:08,MsgId,6,Data0,3,Data1,3,Data2,0,Data3,0
18:37:08,MsgId,6,Data0,3,Data1,4,Data2,0,Data3,0
18:37:09,MsgId,6,Data0,3,Data1,5,Data2,0,Data3,0
18:37:09,MsgId,6,Data0,4,Data1,1,Data2,0,Data3,0
18:37:09,MsgId,6,Data0,4,Data1,2,Data2,0,Data3,0
18:37:09,MsgId,6,Data0,4,Data1,3,Data2,0,Data3,0
18:37:09,MsgId,6,Data0,4,Data1,4,Data2,0,Data3,0
18:37:10,MsgId,6,Data0,4,Data1,5,Data2,0,Data3,0
18:37:10,MsgId,7,Data0,1,Data1,0,Data2,0
18:37:10,MsgId,7,Data0,2,Data1,0,Data2,0
18:37:10,MsgId,7,Data0,3,Data1,0,Data2,0
18:37:10,MsgId,7,Data0,4,Data1,0,Data2,0
18:37:11,MsgId,5
18:37:11,MsgId,51,Data0,0,Data1,7
18:37:11,MsgId,1
18:42:06,MsgId,6,Data0,1,Data1,1,Data2,0,Data3,0
18:42:06,MsgId,6,Data0,1,Data1,2,Data2,0,Data3,0
18:42:06,MsgId,6,Data0,1,Data1,3,Data2,0,Data3,0
18:42:06,MsgId,6,Data0,1,Data1,4,Data2,0,Data3,0
18:42:07,MsgId,6,Data0,1,Data1,5,Data2,0,Data3,0
18:42:07,MsgId,6,Data0,2,Data1,1,Data2,0,Data3,0
18:42:07,MsgId,6,Data0,2,Data1,2,Data2,0,Data3,0
18:42:07,MsgId,6,Data0,2,Data1,3,Data2,0,Data3,0
18:42:07,MsgId,6,Data0,2,Data1,4,Data2,0,Data3,0
18:42:08,MsgId,6,Data0,2,Data1,5,Data2,0,Data3,0
18:42:08,MsgId,6,Data0,3,Data1,1,Data2,0,Data3,0
18:42:08,MsgId,6,Data0,3,Data1,2,Data2,0,Data3,0
18:42:08,MsgId,6,Data0,3,Data1,3,Data2,0,Data3,0
18:42:08,MsgId,6,Data0,3,Data1,4,Data2,0,Data3,0
18:42:09,MsgId,6,Data0,3,Data1,5,Data2,0,Data3,0
18:42:09,MsgId,6,Data0,4,Data1,1,Data2,0,Data3,0
18:42:09,MsgId,6,Data0,4,Data1,2,Data2,0,Data3,0
18:42:09,MsgId,6,Data0,4,Data1,3,Data2,0,Data3,0
18:42:10,MsgId,6,Data0,4,Data1,4,Data2,0,Data3,0
18:42:10,MsgId,6,Data0,4,Data1,5,Data2,0,Data3,0
18:42:10,MsgId,7,Data0,1,Data1,0,Data2,0
18:42:10,MsgId,7,Data0,2,Data1,0,Data2,0
18:42:10,MsgId,7,Data0,3,Data1,0,Data2,0
18:42:11,MsgId,7,Data0,4,Data1,0,Data2,0
18:42:11,MsgId,5
18:42:11,MsgId,51,Data0,0,Data1,3
18:42:11,MsgId,1
18:47:06,MsgId,6,Data0,1,Data1,1,Data2,0,Data3,0
18:47:06,MsgId,6,Data0,1,Data1,2,Data2,0,Data3,0
18:47:06,MsgId,6,Data0,1,Data1,3,Data2,0,Data3,0
18:47:06,MsgId,6,Data0,1,Data1,4,Data2,0,Data3,0
18:47:07,MsgId,6,Data0,1,Data1,5,Data2,0,Data3,0
18:47:07,MsgId,6,Data0,2,Data1,1,Data2,0,Data3,0
18:47:07,MsgId,6,Data0,2,Data1,2,Data2,0,Data3,0
18:47:07,MsgId,6,Data0,2,Data1,3,Data2,0,Data3,0
18:47:08,MsgId,6,Data0,2,Data1,4,Data2,0,Data3,0
18:47:08,MsgId,6,Data0,2,Data1,5,Data2,0,Data3,0
18:47:08,MsgId,6,Data0,3,Data1,1,Data2,0,Data3,0
18:47:08,MsgId,6,Data0,3,Data1,2,Data2,0,Data3,0
18:47:08,MsgId,6,Data0,3,Data1,3,Data2,0,Data3,0
18:47:09,MsgId,6,Data0,3,Data1,4,Data2,0,Data3,0
18:47:09,MsgId,6,Data0,3,Data1,5,Data2,0,Data3,0
18:47:09,MsgId,6,Data0,4,Data1,1,Data2,0,Data3,0
18:47:09,MsgId,6,Data0,4,Data1,2,Data2,0,Data3,0
18:47:09,MsgId,6,Data0,4,Data1,3,Data2,0,Data3,0
18:47:10,MsgId,6,Data0,4,Data1,4,Data2,0,Data3,0
18:47:10,MsgId,6,Data0,4,Data1,5,Data2,0,Data3,0
18:47:10,MsgId,7,Data0,1,Data1,0,Data2,0
18:47:10,MsgId,7,Data0,2,Data1,0,Data2,0
18:47:10,MsgId,7,Data0,3,Data1,0,Data2,0
18:47:11,MsgId,7,Data0,4,Data1,0,Data2,0
18:47:11,MsgId,5
18:47:11,MsgId,51,Data0,0,Data1,3
18:47:11,MsgId,1
18:52:06,MsgId,6,Data0,1,Data1,1,Data2,0,Data3,0
18:52:06,MsgId,6,Data0,1,Data1,2,Data2,0,Data3,0
18:52:06,MsgId,6,Data0,1,Data1,3,Data2,0,Data3,0
18:52:07,MsgId,6,Data0,1,Data1,4,Data2,0,Data3,0
18:52:07,MsgId,6,Data0,1,Data1,5,Data2,0,Data3,0
18:52:07,MsgId,6,Data0,2,Data1,1,Data2,0,Data3,0
18:52:07,MsgId,6,Data0,2,Data1,2,Data2,0,Data3,0
18:52:07,MsgId,6,Data0,2,Data1,3,Data2,0,Data3,0
18:52:08,MsgId,6,Data0,2,Data1,4,Data2,0,Data3,0
18:52:08,MsgId,6,Data0,2,Data1,5,Data2,0,Data3,0
18:52:08,MsgId,6,Data0,3,Data1,1,Data2,0,Data3,0
18:52:08,MsgId,6,Data0,3,Data1,2,Data2,0,Data3,0
18:52:08,MsgId,6,Data0,3,Data1,3,Data2,0,Data3,0
18:52:09,MsgId,6,Data0,3,Data1,4,Data2,0,Data3,0
18:52:09,MsgId,6,Data0,3,Data1,5,Data2,0,Data3,0
18:52:09,MsgId,6,Data0,4,Data1,1,Data2,0,Data3,0
18:52:09,MsgId,6,Data0,4,Data1,2,Data2,0,Data3,0
18:52:09,MsgId,6,Data0,4,Data1,3,Data2,0,Data3,0
18:52:10,MsgId,6,Data0,4,Data1,4,Data2,0,Data3,0
18:52:10,MsgId,6,Data0,4,Data1,5,Data2,0,Data3,0
18:52:10,MsgId,7,Data0,1,Data1,0,Data2,0
18:52:10,MsgId,7,Data0,2,Data1,0,Data2,0
18:52:10,MsgId,7,Data0,3,Data1,0,Data2,0
18:52:11,MsgId,7,Data0,4,Data1,0,Data2,0
18:52:11,MsgId,5
18:52:11,MsgId,51,Data0,0,Data1,3
18:52:11,MsgId,1
18:57:06,MsgId,6,Data0,1,Data1,1,Data2,0,Data3,0
18:57:06,MsgId,6,Data0,1,Data1,2,Data2,0,Data3,0
18:57:06,MsgId,6,Data0,1,Data1,3,Data2,0,Data3,0
18:57:07,MsgId,6,Data0,1,Data1,4,Data2,0,Data3,0
18:57:07,MsgId,6,Data0,1,Data1,5,Data2,0,Data3,0
18:57:07,MsgId,6,Data0,2,Data1,1,Data2,0,Data3,0
18:57:07,MsgId,6,Data0,2,Data1,2,Data2,0,Data3,0
18:57:07,MsgId,6,Data0,2,Data1,3,Data2,0,Data3,0
18:57:08,MsgId,6,Data0,2,Data1,4,Data2,0,Data3,0
18:57:08,MsgId,6,Data0,2,Data1,5,Data2,0,Data3,0
18:57:08,MsgId,6,Data0,3,Data1,1,Data2,0,Data3,0
18:57:08,MsgId,6,Data0,3,Data1,2,Data2,0,Data3,0
18:57:08,MsgId,6,Data0,3,Data1,3,Data2,0,Data3,0
18:57:09,MsgId,6,Data0,3,Data1,4,Data2,0,Data3,0
18:57:09,MsgId,6,Data0,3,Data1,5,Data2,0,Data3,0
18:57:09,MsgId,6,Data0,4,Data1,1,Data2,0,Data3,0
18:57:09,MsgId,6,Data0,4,Data1,2,Data2,0,Data3,0
18:57:09,MsgId,6,Data0,4,Data1,3,Data2,0,Data3,0
18:57:10,MsgId,6,Data0,4,Data1,4,Data2,0,Data3,0
18:57:10,MsgId,6,Data0,4,Data1,5,Data2,0,Data3,0
18:57:10,MsgId,7,Data0,1,Data1,0,Data2,0
18:57:10,MsgId,7,Data0,2,Data1,0,Data2,0
18:57:10,MsgId,7,Data0,3,Data1,0,Data2,0
18:57:11,MsgId,7,Data0,4,Data1,0,Data2,0
18:57:11,MsgId,5
18:57:11,MsgId,51,Data0,0,Data1,3
18:57:11,MsgId,1
19:02:06,MsgId,6,Data0,1,Data1,1,Data2,0,Data3,0
19:02:06,MsgId,6,Data0,1,Data1,2,Data2,0,Data3,0
19:02:06,MsgId,6,Data0,1,Data1,3,Data2,0,Data3,0
19:02:07,MsgId,6,Data0,1,Data1,4,Data2,0,Data3,0
19:02:07,MsgId,6,Data0,1,Data1,5,Data2,0,Data3,0
19:02:07,MsgId,6,Data0,2,Data1,1,Data2,0,Data3,0
19:02:07,MsgId,6,Data0,2,Data1,2,Data2,0,Data3,0
19:02:07,MsgId,6,Data0,2,Data1,3,Data2,0,Data3,0
19:02:08,MsgId,6,Data0,2,Data1,4,Data2,0,Data3,0
19:02:08,MsgId,6,Data0,2,Data1,5,Data2,0,Data3,0
19:02:08,MsgId,6,Data0,3,Data1,1,Data2,0,Data3,0
19:02:08,MsgId,6,Data0,3,Data1,2,Data2,0,Data3,0
19:02:08,MsgId,6,Data0,3,Data1,3,Data2,0,Data3,0
19:02:09,MsgId,6,Data0,3,Data1,4,Data2,0,Data3,0
19:02:09,MsgId,6,Data0,3,Data1,5,Data2,0,Data3,0
19:02:09,MsgId,6,Data0,4,Data1,1,Data2,0,Data3,0
19:02:09,MsgId,6,Data0,4,Data1,2,Data2,0,Data3,0
19:02:09,MsgId,6,Data0,4,Data1,3,Data2,0,Data3,0
19:02:10,MsgId,6,Data0,4,Data1,4,Data2,0,Data3,0
19:02:10,MsgId,6,Data0,4,Data1,5,Data2,0,Data3,0
19:02:10,MsgId,7,Data0,1,Data1,0,Data2,0
19:02:10,MsgId,7,Data0,2,Data1,0,Data2,0
19:02:10,MsgId,7,Data0,3,Data1,0,Data2,0
19:02:11,MsgId,7,Data0,4,Data1,0,Data2,0
19:02:11,MsgId,5
19:02:11,MsgId,51,Data0,0,Data1,7
19:02:11,MsgId,1
19:07:06,MsgId,6,Data0,1,Data1,1,Data2,0,Data3,0
19:07:06,MsgId,6,Data0,1,Data1,2,Data2,0,Data3,0
19:07:06,MsgId,6,Data0,1,Data1,3,Data2,0,Data3,0
19:07:07,MsgId,6,Data0,1,Data1,4,Data2,0,Data3,0
19:07:07,MsgId,6,Data0,1,Data1,5,Data2,0,Data3,0
19:07:07,MsgId,6,Data0,2,Data1,1,Data2,0,Data3,0
19:07:07,MsgId,6,Data0,2,Data1,2,Data2,0,Data3,0
19:07:07,MsgId,6,Data0,2,Data1,3,Data2,0,Data3,0
19:07:08,MsgId,6,Data0,2,Data1,4,Data2,0,Data3,0
19:07:08,MsgId,6,Data0,2,Data1,5,Data2,0,Data3,0
19:07:08,MsgId,6,Data0,3,Data1,1,Data2,0,Data3,0
19:07:08,MsgId,6,Data0,3,Data1,2,Data2,0,Data3,0
19:07:08,MsgId,6,Data0,3,Data1,3,Data2,0,Data3,0
19:07:09,MsgId,6,Data0,3,Data1,4,Data2,0,Data3,0
19:07:09,MsgId,6,Data0,3,Data1,5,Data2,0,Data3,0
19:07:09,MsgId,6,Data0,4,Data1,1,Data2,0,Data3,0
19:07:09,MsgId,6,Data0,4,Data1,2,Data2,0,Data3,0
19:07:09,MsgId,6,Data0,4,Data1,3,Data2,0,Data3,0
19:07:10,MsgId,6,Data0,4,Data1,4,Data2,0,Data3,0
19:07:10,MsgId,6,Data0,4,Data1,5,Data2,0,Data3,0
19:07:10,MsgId,7,Data0,1,Data1,0,Data2,0
19:07:10,MsgId,7,Data0,2,Data1,0,Data2,0
19:07:10,MsgId,7,Data0,3,Data1,0,Data2,0
19:07:11,MsgId,7,Data0,4,Data1,0,Data2,0
19:07:11,MsgId,5
19:07:11,MsgId,51,Data0,0,Data1,3
19:07:11,MsgId,1
19:12:06,MsgId,6,Data0,1,Data1,1,Data2,0,Data3,0
19:12:06,MsgId,6,Data0,1,Data1,2,Data2,0,Data3,0
19:12:06,MsgId,6,Data0,1,Data1,3,Data2,0,Data3,0
19:12:07,MsgId,6,Data0,1,Data1,4,Data2,0,Data3,0
19:12:07,MsgId,6,Data0,1,Data1,5,Data2,0,Data3,0
19:12:07,MsgId,6,Data0,2,Data1,1,Data2,0,Data3,0
19:12:07,MsgId,6,Data0,2,Data1,2,Data2,0,Data3,0
19:12:07,MsgId,6,Data0,2,Data1,3,Data2,0,Data3,0
19:12:08,MsgId,6,Data0,2,Data1,4,Data2,0,Data3,0
19:12:08,MsgId,6,Data0,2,Data1,5,Data2,0,Data3,0
19:12:08,MsgId,6,Data0,3,Data1,1,Data2,0,Data3,0
19:12:08,MsgId,6,Data0,3,Data1,2,Data2,0,Data3,0
19:12:08,MsgId,6,Data0,3,Data1,3,Data2,0,Data3,0
19:12:09,MsgId,6,Data0,3,Data1,4,Data2,0,Data3,0
19:12:09,MsgId,6,Data0,3,Data1,5,Data2,0,Data3,0
19:12:09,MsgId,6,Data0,4,Data1,1,Data2,0,Data3,0
19:12:09,MsgId,6,Data0,4,Data1,2,Data2,0,Data3,0
19:12:09,MsgId,6,Data0,4,Data1,3,Data2,0,Data3,0
19:12:10,MsgId,6,Data0,4,Data1,4,Data2,0,Data3,0
19:12:10,MsgId,6,Data0,4,Data1,5,Data2,0,Data3,0
19:12:10,MsgId,7,Data0,1,Data1,0,Data2,0
19:12:10,MsgId,7,Data0,2,Data1,0,Data2,0
19:12:10,MsgId,7,Data0,3,Data1,0,Data2,0
19:12:11,MsgId,7,Data0,4,Data1,0,Data2,0
19:12:11,MsgId,5
19:12:11,MsgId,51,Data0,0,Data1,3
19:12:11,MsgId,1
19:17:06,MsgId,6,Data0,1,Data1,1,Data2,0,Data3,0
19:17:06,MsgId,6,Data0,1,Data1,2,Data2,0,Data3,0
19:17:06,MsgId,6,Data0,1,Data1,3,Data2,0,Data3,0
19:17:07,MsgId,6,Data0,1,Data1,4,Data2,0,Data3,0
19:17:07,MsgId,6,Data0,1,Data1,5,Data2,0,Data3,0
19:17:07,MsgId,6,Data0,2,Data1,1,Data2,0,Data3,0
19:17:07,MsgId,6,Data0,2,Data1,2,Data2,0,Data3,0
19:17:07,MsgId,6,Data0,2,Data1,3,Data2,0,Data3,0
19:17:08,MsgId,6,Data0,2,Data1,4,Data2,0,Data3,0
19:17:08,MsgId,6,Data0,2,Data1,5,Data2,0,Data3,0
19:17:08,MsgId,6,Data0,3,Data1,1,Data2,0,Data3,0
19:17:08,MsgId,6,Data0,3,Data1,2,Data2,0,Data3,0
19:17:08,MsgId,6,Data0,3,Data1,3,Data2,0,Data3,0
19:17:09,MsgId,6,Data0,3,Data1,4,Data2,0,Data3,0
19:17:09,MsgId,6,Data0,3,Data1,5,Data2,0,Data3,0
19:17:09,MsgId,6,Data0,4,Data1,1,Data2,0,Data3,0
19:17:09,MsgId,6,Data0,4,Data1,2,Data2,0,Data3,0
19:17:09,MsgId,6,Data0,4,Data1,3,Data2,0,Data3,0
19:17:10,MsgId,6,Data0,4,Data1,4,Data2,0,Data3,0
19:17:10,MsgId,6,Data0,4,Data1,5,Data2,0,Data3,0
19:17:10,MsgId,7,Data0,1,Data1,0,Data2,0
19:17:10,MsgId,7,Data0,2,Data1,0,Data2,0
19:17:10,MsgId,7,Data0,3,Data1,0,Data2,0
19:17:11,MsgId,7,Data0,4,Data1,0,Data2,0
19:17:11,MsgId,5
19:17:11,MsgId,51,Data0,0,Data1,3
19:17:11,MsgId,1
19:22:06,MsgId,6,Data0,1,Data1,1,Data2,0,Data3,0
19:22:06,MsgId,6,Data0,1,Data1,2,Data2,0,Data3,0
19:22:06,MsgId,6,Data0,1,Data1,3,Data2,0,Data3,0
19:22:07,MsgId,6,Data0,1,Data1,4,Data2,0,Data3,0
19:22:07,MsgId,6,Data0,1,Data1,5,Data2,0,Data3,0
19:22:07,MsgId,6,Data0,2,Data1,1,Data2,0,Data3,0
19:22:07,MsgId,6,Data0,2,Data1,2,Data2,0,Data3,0
19:22:07,MsgId,6,Data0,2,Data1,3,Data2,0,Data3,0
19:22:08,MsgId,6,Data0,2,Data1,4,Data2,0,Data3,0
19:22:08,MsgId,6,Data0,2,Data1,5,Data2,0,Data3,0
19:22:08,MsgId,6,Data0,3,Data1,1,Data2,0,Data3,0
19:22:08,MsgId,6,Data0,3,Data1,2,Data2,0,Data3,0
19:22:08,MsgId,6,Data0,3,Data1,3,Data2,0,Data3,0
19:22:09,MsgId,6,Data0,3,Data1,4,Data2,0,Data3,0
19:22:09,MsgId,6,Data0,3,Data1,5,Data2,0,Data3,0
19:22:09,MsgId,6,Data0,4,Data1,1,Data2,0,Data3,0
19:22:09,MsgId,6,Data0,4,Data1,2,Data2,0,Data3,0
19:22:09,MsgId,6,Data0,4,Data1,3,Data2,0,Data3,0
19:22:10,MsgId,6,Data0,4,Data1,4,Data2,0,Data3,0
19:22:10,MsgId,6,Data0,4,Data1,5,Data2,0,Data3,0
19:22:10,MsgId,7,Data0,1,Data1,0,Data2,0
19:22:10,MsgId,7,Data0,2,Data1,0,Data2,0
19:22:10,MsgId,7,Data0,3,Data1,0,Data2,0
19:22:11,MsgId,7,Data0,4,Data1,0,Data2,0
19:22:11,MsgId,5
19:22:11,MsgId,51,Data0,0,Data1,3
19:22:11,MsgId,1
19:27:06,MsgId,6,Data0,1,Data1,1,Data2,0,Data3,0
19:27:06,MsgId,6,Data0,1,Data1,2,Data2,0,Data3,0
19:27:06,MsgId,6,Data0,1,Data1,3,Data2,0,Data3,0
19:27:07,MsgId,6,Data0,1,Data1,4,Data2,0,Data3,0
19:27:07,MsgId,6,Data0,1,Data1,5,Data2,0,Data3,0
19:27:07,MsgId,6,Data0,2,Data1,1,Data2,0,Data3,0
19:27:07,MsgId,6,Data0,2,Data1,2,Data2,0,Data3,0
19:27:07,MsgId,6,Data0,2,Data1,3,Data2,0,Data3,0
19:27:08,MsgId,6,Data0,2,Data1,4,Data2,0,Data3,0
19:27:08,MsgId,6,Data0,2,Data1,5,Data2,0,Data3,0
19:27:08,MsgId,6,Data0,3,Data1,1,Data2,0,Data3,0
19:27:08,MsgId,6,Data0,3,Data1,2,Data2,0,Data3,0
19:27:08,MsgId,6,Data0,3,Data1,3,Data2,0,Data3,0
19:27:09,MsgId,6,Data0,3,Data1,4,Data2,0,Data3,0
19:27:09,MsgId,6,Data0,3,Data1,5,Data2,0,Data3,0
19:27:09,MsgId,6,Data0,4,Data1,1,Data2,0,Data3,0
19:27:09,MsgId,6,Data0,4,Data1,2,Data2,0,Data3,0
19:27:09,MsgId,6,Data0,4,Data1,3,Data2,0,Data3,0
19:27:10,MsgId,6,Data0,4,Data1,4,Data2,0,Data3,0
19:27:10,MsgId,6,Data0,4,Data1,5,Data2,0,Data3,0
19:27:10,MsgId,7,Data0,1,Data1,0,Data2,0
19:27:10,MsgId,7,Data0,2,Data1,0,Data2,0
19:27:10,MsgId,7,Data0,3,Data1,0,Data2,0
19:27:11,MsgId,7,Data0,4,Data1,0,Data2,0
19:27:11,MsgId,5
19:27:11,MsgId,51,Data0,0,Data1,3
19:27:11,MsgId,1
19:32:06,MsgId,6,Data0,1,Data1,1,Data2,0,Data3,0
19:32:06,MsgId,6,Data0,1,Data1,2,Data2,0,Data3,0
19:32:06,MsgId,6,Data0,1,Data1,3,Data2,0,Data3,0
19:32:07,MsgId,6,Data0,1,Data1,4,Data2,0,Data3,0
19:32:07,MsgId,6,Data0,1,Data1,5,Data2,0,Data3,0
19:32:07,MsgId,6,Data0,2,Data1,1,Data2,0,Data3,0
19:32:07,MsgId,6,Data0,2,Data1,2,Data2,0,Data3,0
19:32:07,MsgId,6,Data0,2,Data1,3,Data2,0,Data3,0
19:32:08,MsgId,6,Data0,2,Data1,4,Data2,0,Data3,0
19:32:08,MsgId,6,Data0,2,Data1,5,Data2,0,Data3,0
19:32:08,MsgId,6,Data0,3,Data1,1,Data2,0,Data3,0
19:32:08,MsgId,6,Data0,3,Data1,2,Data2,0,Data3,0
19:32:08,MsgId,6,Data0,3,Data1,3,Data2,0,Data3,0
19:32:09,MsgId,6,Data0,3,Data1,4,Data2,0,Data3,0
19:32:09,MsgId,6,Data0,3,Data1,5,Data2,0,Data3,0
19:32:09,MsgId,6,Data0,4,Data1,1,Data2,0,Data3,0
19:32:09,MsgId,6,Data0,4,Data1,2,Data2,0,Data3,0
19:32:09,MsgId,6,Data0,4,Data1,3,Data2,0,Data3,0
19:32:10,MsgId,6,Data0,4,Data1,4,Data2,0,Data3,0
19:32:10,MsgId,6,Data0,4,Data1,5,Data2,0,Data3,0
19:32:10,MsgId,7,Data0,1,Data1,0,Data2,0
19:32:10,MsgId,7,Data0,2,Data1,0,Data2,0
19:32:10,MsgId,7,Data0,3,Data1,0,Data2,0
19:32:11,MsgId,7,Data0,4,Data1,0,Data2,0
19:32:11,MsgId,5
19:32:11,MsgId,51,Data0,0,Data1,7
19:32:11,MsgId,1
19:37:06,MsgId,6,Data0,1,Data1,1,Data2,0,Data3,0
19:37:06,MsgId,6,Data0,1,Data1,2,Data2,0,Data3,0
19:37:06,MsgId,6,Data0,1,Data1,3,Data2,0,Data3,0
19:37:07,MsgId,6,Data0,1,Data1,4,Data2,0,Data3,0
19:37:07,MsgId,6,Data0,1,Data1,5,Data2,0,Data3,0
19:37:07,MsgId,6,Data0,2,Data1,1,Data2,0,Data3,0
19:37:07,MsgId,6,Data0,2,Data1,2,Data2,0,Data3,0
19:37:07,MsgId,6,Data0,2,Data1,3,Data2,0,Data3,0
19:37:08,MsgId,6,Data0,2,Data1,4,Data2,0,Data3,0
19:37:08,MsgId,6,Data0,2,Data1,5,Data2,0,Data3,0
19:37:08,MsgId,6,Data0,3,Data1,1,Data2,0,Data3,0
19:37:08,MsgId,6,Data0,3,Data1,2,Data2,0,Data3,0
19:37:08,MsgId,6,Data0,3,Data1,3,Data2,0,Data3,0
19:37:09,MsgId,6,Data0,3,Data1,4,Data2,0,Data3,0
19:37:09,MsgId,6,Data0,3,Data1,5,Data2,0,Data3,0
19:37:09,MsgId,6,Data0,4,Data1,1,Data2,0,Data3,0
19:37:09,MsgId,6,Data0,4,Data1,2,Data2,0,Data3,0
19:37:09,MsgId,6,Data0,4,Data1,3,Data2,0,Data3,0
19:37:10,MsgId,6,Data0,4,Data1,4,Data2,0,Data3,0
19:37:10,MsgId,6,Data0,4,Data1,5,Data2,0,Data3,0
19:37:10,MsgId,7,Data0,1,Data1,0,Data2,0
19:37:10,MsgId,7,Data0,2,Data1,0,Data2,0
19:37:11,MsgId,7,Data0,3,Data1,0,Data2,0
19:37:11,MsgId,7,Data0,4,Data1,0,Data2,0
19:37:11,MsgId,5
19:37:11,MsgId,51,Data0,0,Data1,3
19:37:11,MsgId,1
19:42:06,MsgId,6,Data0,1,Data1,1,Data2,0,Data3,0
19:42:06,MsgId,6,Data0,1,Data1,2,Data2,0,Data3,0
19:42:06,MsgId,6,Data0,1,Data1,3,Data2,0,Data3,0
19:42:07,MsgId,6,Data0,1,Data1,4,Data2,0,Data3,0
19:42:07,MsgId,6,Data0,1,Data1,5,Data2,0,Data3,0
19:42:07,MsgId,6,Data0,2,Data1,1,Data2,0,Data3,0
19:42:07,MsgId,6,Data0,2,Data1,2,Data2,0,Data3,0
19:42:07,MsgId,6,Data0,2,Data1,3,Data2,0,Data3,0
19:42:08,MsgId,6,Data0,2,Data1,4,Data2,0,Data3,0
19:42:08,MsgId,6,Data0,2,Data1,5,Data2,0,Data3,0
19:42:08,MsgId,6,Data0,3,Data1,1,Data2,0,Data3,0
19:42:08,MsgId,6,Data0,3,Data1,2,Data2,0,Data3,0
19:42:08,MsgId,6,Data0,3,Data1,3,Data2,0,Data3,0
19:42:09,MsgId,6,Data0,3,Data1,4,Data2,0,Data3,0
19:42:09,MsgId,6,Data0,3,Data1,5,Data2,0,Data3,0
19:42:09,MsgId,6,Data0,4,Data1,1,Data2,0,Data3,0
19:42:09,MsgId,6,Data0,4,Data1,2,Data2,0,Data3,0
19:42:10,MsgId,6,Data0,4,Data1,3,Data2,0,Data3,0
19:42:10,MsgId,6,Data0,4,Data1,4,Data2,0,Data3,0
19:42:10,MsgId,6,Data0,4,Data1,5,Data2,0,Data3,0
19:42:10,MsgId,7,Data0,1,Data1,0,Data2,0
19:42:10,MsgId,7,Data0,2,Data1,0,Data2,0
19:42:11,MsgId,7,Data0,3,Data1,0,Data2,0
19:42:11,MsgId,7,Data0,4,Data1,0,Data2,0
19:42:11,MsgId,5
19:42:11,MsgId,51,Data0,0,Data1,7
19:42:11,MsgId,1
19:47:06,MsgId,6,Data0,1,Data1,1,Data2,0,Data3,0
19:47:06,MsgId,6,Data0,1,Data1,2,Data2,0,Data3,0
19:47:06,MsgId,6,Data0,1,Data1,3,Data2,0,Data3,0
19:47:07,MsgId,6,Data0,1,Data1,4,Data2,0,Data3,0
19:47:07,MsgId,6,Data0,1,Data1,5,Data2,0,Data3,0
19:47:07,MsgId,6,Data0,2,Data1,1,Data2,0,Data3,0
19:47:07,MsgId,6,Data0,2,Data1,2,Data2,0,Data3,0
19:47:07,MsgId,6,Data0,2,Data1,3,Data2,0,Data3,0
19:47:08,MsgId,6,Data0,2,Data1,4,Data2,0,Data3,0
19:47:08,MsgId,6,Data0,2,Data1,5,Data2,0,Data3,0
19:47:08,MsgId,6,Data0,3,Data1,1,Data2,0,Data3,0
19:47:08,MsgId,6,Data0,3,Data1,2,Data2,0,Data3,0
19:47:08,MsgId,6,Data0,3,Data1,3,Data2,0,Data3,0
19:47:09,MsgId,6,Data0,3,Data1,4,Data2,0,Data3,0
19:47:09,MsgId,6,Data0,3,Data1,5,Data2,0,Data3,0
19:47:09,MsgId,6,Data0,4,Data1,1,Data2,0,Data3,0
19:47:09,MsgId,6,Data0,4,Data1,2,Data2,0,Data3,0
19:47:10,MsgId,6,Data0,4,Data1,3,Data2,0,Data3,0
19:47:10,MsgId,6,Data0,4,Data1,4,Data2,0,Data3,0
19:47:10,MsgId,6,Data0,4,Data1,5,Data2,0,Data3,0
19:47:10,MsgId,7,Data0,1,Data1,0,Data2,0
19:47:10,MsgId,7,Data0,2,Data1,0,Data2,0
19:47:11,MsgId,7,Data0,3,Data1,0,Data2,0
19:47:11,MsgId,7,Data0,4,Data1,0,Data2,0
19:47:11,MsgId,5
19:47:11,MsgId,51,Data0,0,Data1,7
19:47:11,MsgId,1
19:52:06,MsgId,6,Data0,1,Data1,1,Data2,0,Data3,0
19:52:06,MsgId,6,Data0,1,Data1,2,Data2,0,Data3,0
19:52:07,MsgId,6,Data0,1,Data1,3,Data2,0,Data3,0
19:52:07,MsgId,6,Data0,1,Data1,4,Data2,0,Data3,0
19:52:07,MsgId,6,Data0,1,Data1,5,Data2,0,Data3,0
19:52:07,MsgId,6,Data0,2,Data1,1,Data2,0,Data3,0
19:52:07,MsgId,6,Data0,2,Data1,2,Data2,0,Data3,0
19:52:08,MsgId,6,Data0,2,Data1,3,Data2,0,Data3,0
19:52:08,MsgId,6,Data0,2,Data1,4,Data2,0,Data3,0
19:52:08,MsgId,6,Data0,2,Data1,5,Data2,0,Data3,0
19:52:08,MsgId,6,Data0,3,Data1,1,Data2,0,Data3,0
19:52:08,MsgId,6,Data0,3,Data1,2,Data2,0,Data3,0
19:52:09,MsgId,6,Data0,3,Data1,3,Data2,0,Data3,0
19:52:09,MsgId,6,Data0,3,Data1,4,Data2,0,Data3,0
19:52:09,MsgId,6,Data0,3,Data1,5,Data2,0,Data3,0
19:52:09,MsgId,6,Data0,4,Data1,1,Data2,0,Data3,0
19:52:09,MsgId,6,Data0,4,Data1,2,Data2,0,Data3,0
19:52:10,MsgId,6,Data0,4,Data1,3,Data2,0,Data3,0
19:52:10,MsgId,6,Data0,4,Data1,4,Data2,0,Data3,0
19:52:10,MsgId,6,Data0,4,Data1,5,Data2,0,Data3,0
19:52:10,MsgId,7,Data0,1,Data1,0,Data2,0
19:52:10,MsgId,7,Data0,2,Data1,0,Data2,0
19:52:11,MsgId,7,Data0,3,Data1,0,Data2,0
19:52:11,MsgId,7,Data0,4,Data1,0,Data2,0
19:52:11,MsgId,5
19:52:11,MsgId,51,Data0,0,Data1,7
19:52:11,MsgId,1
19:57:06,MsgId,6,Data0,1,Data1,1,Data2,0,Data3,0
19:57:06,MsgId,6,Data0,1,Data1,2,Data2,0,Data3,0
19:57:07,MsgId,6,Data0,1,Data1,3,Data2,0,Data3,0
19:57:07,MsgId,6,Data0,1,Data1,4,Data2,0,Data3,0
19:57:07,MsgId,6,Data0,1,Data1,5,Data2,0,Data3,0
19:57:07,MsgId,6,Data0,2,Data1,1,Data2,0,Data3,0
19:57:07,MsgId,6,Data0,2,Data1,2,Data2,0,Data3,0
19:57:08,MsgId,6,Data0,2,Data1,3,Data2,0,Data3,0
19:57:08,MsgId,6,Data0,2,Data1,4,Data2,0,Data3,0
19:57:08,MsgId,6,Data0,2,Data1,5,Data2,0,Data3,0
19:57:08,MsgId,6,Data0,3,Data1,1,Data2,0,Data3,0
19:57:08,MsgId,6,Data0,3,Data1,2,Data2,0,Data3,0
19:57:09,MsgId,6,Data0,3,Data1,3,Data2,0,Data3,0
19:57:09,MsgId,6,Data0,3,Data1,4,Data2,0,Data3,0
19:57:09,MsgId,6,Data0,3,Data1,5,Data2,0,Data3,0
19:57:09,MsgId,6,Data0,4,Data1,1,Data2,0,Data3,0
19:57:09,MsgId,6,Data0,4,Data1,2,Data2,0,Data3,0
19:57:10,MsgId,6,Data0,4,Data1,3,Data2,0,Data3,0
19:57:10,MsgId,6,Data0,4,Data1,4,Data2,0,Data3,0
19:57:10,MsgId,6,Data0,4,Data1,5,Data2,0,Data3,0
19:57:10,MsgId,7,Data0,1,Data1,0,Data2,0
19:57:10,MsgId,7,Data0,2,Data1,0,Data2,0
19:57:11,MsgId,7,Data0,3,Data1,0,Data2,0
19:57:11,MsgId,7,Data0,4,Data1,0,Data2,0
19:57:11,MsgId,5
19:57:11,MsgId,51,Data0,0,Data1,7
19:57:11,MsgId,1
20:02:06,MsgId,6,Data0,1,Data1,1,Data2,0,Data3,0
20:02:06,MsgId,6,Data0,1,Data1,2,Data2,0,Data3,0
20:02:07,MsgId,6,Data0,1,Data1,3,Data2,0,Data3,0
20:02:07,MsgId,6,Data0,1,Data1,4,Data2,0,Data3,0
20:02:07,MsgId,6,Data0,1,Data1,5,Data2,0,Data3,0
20:02:07,MsgId,6,Data0,2,Data1,1,Data2,0,Data3,0
20:02:07,MsgId,6,Data0,2,Data1,2,Data2,0,Data3,0
20:02:08,MsgId,6,Data0,2,Data1,3,Data2,0,Data3,0
20:02:08,MsgId,6,Data0,2,Data1,4,Data2,0,Data3,0
20:02:08,MsgId,6,Data0,2,Data1,5,Data2,0,Data3,0
20:02:08,MsgId,6,Data0,3,Data1,1,Data2,0,Data3,0
20:02:08,MsgId,6,Data0,3,Data1,2,Data2,0,Data3,0
20:02:09,MsgId,6,Data0,3,Data1,3,Data2,0,Data3,0
20:02:09,MsgId,6,Data0,3,Data1,4,Data2,0,Data3,0
20:02:09,MsgId,6,Data0,3,Data1,5,Data2,0,Data3,0
20:02:09,MsgId,6,Data0,4,Data1,1,Data2,0,Data3,0
20:02:09,MsgId,6,Data0,4,Data1,2,Data2,0,Data3,0
20:02:10,MsgId,6,Data0,4,Data1,3,Data2,0,Data3,0
20:02:10,MsgId,6,Data0,4,Data1,4,Data2,0,Data3,0
20:02:10,MsgId,6,Data0,4,Data1,5,Data2,0,Data3,0
20:02:10,MsgId,7,Data0,1,Data1,0,Data2,0
20:02:10,MsgId,7,Data0,2,Data1,0,Data2,0
20:02:11,MsgId,7,Data0,3,Data1,0,Data2,0
20:02:11,MsgId,7,Data0,4,Data1,0,Data2,0
20:02:11,MsgId,5
20:02:11,MsgId,51,Data0,0,Data1,7
20:02:11,MsgId,1
20:07:06,MsgId,6,Data0,1,Data1,1,Data2,0,Data3,0
20:07:06,MsgId,6,Data0,1,Data1,2,Data2,0,Data3,0
20:07:07,MsgId,6,Data0,1,Data1,3,Data2,0,Data3,0
20:07:07,MsgId,6,Data0,1,Data1,4,Data2,0,Data3,0
20:07:07,MsgId,6,Data0,1,Data1,5,Data2,0,Data3,0
20:07:07,MsgId,6,Data0,2,Data1,1,Data2,0,Data3,0
20:07:07,MsgId,6,Data0,2,Data1,2,Data2,0,Data3,0
20:07:08,MsgId,6,Data0,2,Data1,3,Data2,0,Data3,0
20:07:08,MsgId,6,Data0,2,Data1,4,Data2,0,Data3,0
20:07:08,MsgId,6,Data0,2,Data1,5,Data2,0,Data3,0
20:07:08,MsgId,6,Data0,3,Data1,1,Data2,0,Data3,0
20:07:08,MsgId,6,Data0,3,Data1,2,Data2,0,Data3,0
20:07:09,MsgId,6,Data0,3,Data1,3,Data2,0,Data3,0
20:07:09,MsgId,6,Data0,3,Data1,4,Data2,0,Data3,0
20:07:09,MsgId,6,Data0,3,Data1,5,Data2,0,Data3,0
20:07:09,MsgId,6,Data0,4,Data1,1,Data2,0,Data3,0
20:07:09,MsgId,6,Data0,4,Data1,2,Data2,0,Data3,0
20:07:10,MsgId,6,Data0,4,Data1,3,Data2,0,Data3,0
20:07:10,MsgId,6,Data0,4,Data1,4,Data2,0,Data3,0
20:07:10,MsgId,6,Data0,4,Data1,5,Data2,0,Data3,0
20:07:10,MsgId,7,Data0,1,Data1,0,Data2,0
20:07:10,MsgId,7,Data0,2,Data1,0,Data2,0
20:07:11,MsgId,7,Data0,3,Data1,0,Data2,0
20:07:11,MsgId,7,Data0,4,Data1,0,Data2,0
20:07:11,MsgId,5
20:07:11,MsgId,51,Data0,0,Data1,7
20:07:11,MsgId,1
20:12:06,MsgId,6,Data0,1,Data1,1,Data2,0,Data3,0
20:12:06,MsgId,6,Data0,1,Data1,2,Data2,0,Data3,0
20:12:07,MsgId,6,Data0,1,Data1,3,Data2,0,Data3,0
20:12:07,MsgId,6,Data0,1,Data1,4,Data2,0,Data3,0
20:12:07,MsgId,6,Data0,1,Data1,5,Data2,0,Data3,0
20:12:07,MsgId,6,Data0,2,Data1,1,Data2,0,Data3,0
20:12:07,MsgId,6,Data0,2,Data1,2,Data2,0,Data3,0
20:12:08,MsgId,6,Data0,2,Data1,3,Data2,0,Data3,0
20:12:08,MsgId,6,Data0,2,Data1,4,Data2,0,Data3,0
20:12:08,MsgId,6,Data0,2,Data1,5,Data2,0,Data3,0
20:12:08,MsgId,6,Data0,3,Data1,1,Data2,0,Data3,0
20:12:08,MsgId,6,Data0,3,Data1,2,Data2,0,Data3,0
20:12:09,MsgId,6,Data0,3,Data1,3,Data2,0,Data3,0
20:12:09,MsgId,6,Data0,3,Data1,4,Data2,0,Data3,0
20:12:09,MsgId,6,Data0,3,Data1,5,Data2,0,Data3,0
20:12:09,MsgId,6,Data0,4,Data1,1,Data2,0,Data3,0
20:12:09,MsgId,6,Data0,4,Data1,2,Data2,0,Data3,0
20:12:10,MsgId,6,Data0,4,Data1,3,Data2,0,Data3,0
20:12:10,MsgId,6,Data0,4,Data1,4,Data2,0,Data3,0
20:12:10,MsgId,6,Data0,4,Data1,5,Data2,0,Data3,0
20:12:10,MsgId,7,Data0,1,Data1,0,Data2,0
20:12:10,MsgId,7,Data0,2,Data1,0,Data2,0
20:12:11,MsgId,7,Data0,3,Data1,0,Data2,0
20:12:11,MsgId,7,Data0,4,Data1,0,Data2,0
20:12:11,MsgId,5
20:12:11,MsgId,51,Data0,0,Data1,3
20:12:11,MsgId,1
20:17:06,MsgId,6,Data0,1,Data1,1,Data2,0,Data3,0
20:17:06,MsgId,6,Data0,1,Data1,2,Data2,0,Data3,0
20:17:07,MsgId,6,Data0,1,Data1,3,Data2,0,Data3,0
20:17:07,MsgId,6,Data0,1,Data1,4,Data2,0,Data3,0
20:17:07,MsgId,6,Data0,1,Data1,5,Data2,0,Data3,0
20:17:07,MsgId,6,Data0,2,Data1,1,Data2,0,Data3,0
20:17:07,MsgId,6,Data0,2,Data1,2,Data2,0,Data3,0
20:17:08,MsgId,6,Data0,2,Data1,3,Data2,0,Data3,0
20:17:08,MsgId,6,Data0,2,Data1,4,Data2,0,Data3,0
20:17:08,MsgId,6,Data0,2,Data1,5,Data2,0,Data3,0
20:17:08,MsgId,6,Data0,3,Data1,1,Data2,0,Data3,0
20:17:08,MsgId,6,Data0,3,Data1,2,Data2,0,Data3,0
20:17:09,MsgId,6,Data0,3,Data1,3,Data2,0,Data3,0
20:17:09,MsgId,6,Data0,3,Data1,4,Data2,0,Data3,0
20:17:09,MsgId,6,Data0,3,Data1,5,Data2,0,Data3,0
20:17:09,MsgId,6,Data0,4,Data1,1,Data2,0,Data3,0
20:17:09,MsgId,6,Data0,4,Data1,2,Data2,0,Data3,0
20:17:10,MsgId,6,Data0,4,Data1,3,Data2,0,Data3,0
20:17:10,MsgId,6,Data0,4,Data1,4,Data2,0,Data3,0
20:17:10,MsgId,6,Data0,4,Data1,5,Data2,0,Data3,0
20:17:10,MsgId,7,Data0,1,Data1,0,Data2,0
20:17:10,MsgId,7,Data0,2,Data1,0,Data2,0
20:17:11,MsgId,7,Data0,3,Data1,0,Data2,0
20:17:11,MsgId,7,Data0,4,Data1,0,Data2,0
20:17:11,MsgId,5
20:17:11,MsgId,51,Data0,0,Data1,7
20:17:11,MsgId,1
20:22:06,MsgId,6,Data0,1,Data1,1,Data2,0,Data3,0
20:22:06,MsgId,6,Data0,1,Data1,2,Data2,0,Data3,0
20:22:07,MsgId,6,Data0,1,Data1,3,Data2,0,Data3,0
20:22:07,MsgId,6,Data0,1,Data1,4,Data2,0,Data3,0
20:22:07,MsgId,6,Data0,1,Data1,5,Data2,0,Data3,0
20:22:07,MsgId,6,Data0,2,Data1,1,Data2,0,Data3,0
20:22:07,MsgId,6,Data0,2,Data1,2,Data2,0,Data3,0
20:22:08,MsgId,6,Data0,2,Data1,3,Data2,0,Data3,0
20:22:08,MsgId,6,Data0,2,Data1,4,Data2,0,Data3,0
20:22:08,MsgId,6,Data0,2,Data1,5,Data2,0,Data3,0
20:22:08,MsgId,6,Data0,3,Data1,1,Data2,0,Data3,0
20:22:08,MsgId,6,Data0,3,Data1,2,Data2,0,Data3,0
20:22:09,MsgId,6,Data0,3,Data1,3,Data2,0,Data3,0
20:22:09,MsgId,6,Data0,3,Data1,4,Data2,0,Data3,0
20:22:09,MsgId,6,Data0,3,Data1,5,Data2,0,Data3,0
20:22:09,MsgId,6,Data0,4,Data1,1,Data2,0,Data3,0
20:22:09,MsgId,6,Data0,4,Data1,2,Data2,0,Data3,0
20:22:10,MsgId,6,Data0,4,Data1,3,Data2,0,Data3,0
20:22:10,MsgId,6,Data0,4,Data1,4,Data2,0,Data3,0
20:22:10,MsgId,6,Data0,4,Data1,5,Data2,0,Data3,0
20:22:10,MsgId,7,Data0,1,Data1,0,Data2,0
20:22:10,MsgId,7,Data0,2,Data1,0,Data2,0
20:22:11,MsgId,7,Data0,3,Data1,0,Data2,0
20:22:11,MsgId,7,Data0,4,Data1,0,Data2,0
20:22:11,MsgId,5
20:22:11,MsgId,51,Data0,0,Data1,7
20:22:11,MsgId,1
20:27:06,MsgId,6,Data0,1,Data1,1,Data2,0,Data3,0
20:27:06,MsgId,6,Data0,1,Data1,2,Data2,0,Data3,0
20:27:07,MsgId,6,Data0,1,Data1,3,Data2,0,Data3,0
20:27:07,MsgId,6,Data0,1,Data1,4,Data2,0,Data3,0
20:27:07,MsgId,6,Data0,1,Data1,5,Data2,0,Data3,0
20:27:07,MsgId,6,Data0,2,Data1,1,Data2,0,Data3,0
20:27:07,MsgId,6,Data0,2,Data1,2,Data2,0,Data3,0
20:27:08,MsgId,6,Data0,2,Data1,3,Data2,0,Data3,0
20:27:08,MsgId,6,Data0,2,Data1,4,Data2,0,Data3,0
20:27:08,MsgId,6,Data0,2,Data1,5,Data2,0,Data3,0
20:27:08,MsgId,6,Data0,3,Data1,1,Data2,0,Data3,0
20:27:08,MsgId,6,Data0,3,Data1,2,Data2,0,Data3,0
20:27:09,MsgId,6,Data0,3,Data1,3,Data2,0,Data3,0
20:27:09,MsgId,6,Data0,3,Data1,4,Data2,0,Data3,0
20:27:09,MsgId,6,Data0,3,Data1,5,Data2,0,Data3,0
20:27:09,MsgId,6,Data0,4,Data1,1,Data2,0,Data3,0
20:27:09,MsgId,6,Data0,4,Data1,2,Data2,0,Data3,0
20:27:10,MsgId,6,Data0,4,Data1,3,Data2,0,Data3,0
20:27:10,MsgId,6,Data0,4,Data1,4,Data2,0,Data3,0
20:27:10,MsgId,6,Data0,4,Data1,5,Data2,0,Data3,0
20:27:10,MsgId,7,Data0,1,Data1,0,Data2,0
20:27:10,MsgId,7,Data0,2,Data1,0,Data2,0
20:27:11,MsgId,7,Data0,3,Data1,0,Data2,0
20:27:11,MsgId,7,Data0,4,Data1,0,Data2,0
20:27:11,MsgId,5
20:27:11,MsgId,51,Data0,0,Data1,7
20:27:11,MsgId,1
20:32:06,MsgId,6,Data0,1,Data1,1,Data2,0,Data3,0
20:32:06,MsgId,6,Data0,1,Data1,2,Data2,0,Data3,0
20:32:07,MsgId,6,Data0,1,Data1,3,Data2,0,Data3,0
20:32:07,MsgId,6,Data0,1,Data1,4,Data2,0,Data3,0
20:32:07,MsgId,6,Data0,1,Data1,5,Data2,0,Data3,0
20:32:07,MsgId,6,Data0,2,Data1,1,Data2,0,Data3,0
20:32:07,MsgId,6,Data0,2,Data1,2,Data2,0,Data3,0
20:32:08,MsgId,6,Data0,2,Data1,3,Data2,0,Data3,0
20:32:08,MsgId,6,Data0,2,Data1,4,Data2,0,Data3,0
20:32:08,MsgId,6,Data0,2,Data1,5,Data2,0,Data3,0
20:32:08,MsgId,6,Data0,3,Data1,1,Data2,0,Data3,0
20:32:08,MsgId,6,Data0,3,Data1,2,Data2,0,Data3,0
20:32:09,MsgId,6,Data0,3,Data1,3,Data2,0,Data3,0
20:32:09,MsgId,6,Data0,3,Data1,4,Data2,0,Data3,0
20:32:09,MsgId,6,Data0,3,Data1,5,Data2,0,Data3,0
20:32:09,MsgId,6,Data0,4,Data1,1,Data2,0,Data3,0
20:32:09,MsgId,6,Data0,4,Data1,2,Data2,0,Data3,0
20:32:10,MsgId,6,Data0,4,Data1,3,Data2,0,Data3,0
20:32:10,MsgId,6,Data0,4,Data1,4,Data2,0,Data3,0
20:32:10,MsgId,6,Data0,4,Data1,5,Data2,0,Data3,0
20:32:10,MsgId,7,Data0,1,Data1,0,Data2,0
20:32:10,MsgId,7,Data0,2,Data1,0,Data2,0
20:32:11,MsgId,7,Data0,3,Data1,0,Data2,0
20:32:11,MsgId,7,Data0,4,Data1,0,Data2,0
20:32:11,MsgId,5
20:32:11,MsgId,51,Data0,0,Data1,7
20:32:11,MsgId,1
20:37:06,MsgId,6,Data0,1,Data1,1,Data2,0,Data3,0
20:37:06,MsgId,6,Data0,1,Data1,2,Data2,0,Data3,0
20:37:07,MsgId,6,Data0,1,Data1,3,Data2,0,Data3,0
20:37:07,MsgId,6,Data0,1,Data1,4,Data2,0,Data3,0
20:37:07,MsgId,6,Data0,1,Data1,5,Data2,0,Data3,0
20:37:07,MsgId,6,Data0,2,Data1,1,Data2,0,Data3,0
20:37:07,MsgId,6,Data0,2,Data1,2,Data2,0,Data3,0
20:37:08,MsgId,6,Data0,2,Data1,3,Data2,0,Data3,0
20:37:08,MsgId,6,Data0,2,Data1,4,Data2,0,Data3,0
20:37:08,MsgId,6,Data0,2,Data1,5,Data2,0,Data3,0
20:37:08,MsgId,6,Data0,3,Data1,1,Data2,0,Data3,0
20:37:08,MsgId,6,Data0,3,Data1,2,Data2,0,Data3,0
20:37:09,MsgId,6,Data0,3,Data1,3,Data2,0,Data3,0
20:37:09,MsgId,6,Data0,3,Data1,4,Data2,0,Data3,0
20:37:09,MsgId,6,Data0,3,Data1,5,Data2,0,Data3,0
20:37:09,MsgId,6,Data0,4,Data1,1,Data2,0,Data3,0
20:37:09,MsgId,6,Data0,4,Data1,2,Data2,0,Data3,0
20:37:10,MsgId,6,Data0,4,Data1,3,Data2,0,Data3,0
20:37:10,MsgId,6,Data0,4,Data1,4,Data2,0,Data3,0
20:37:10,MsgId,6,Data0,4,Data1,5,Data2,0,Data3,0
20:37:10,MsgId,7,Data0,1,Data1,0,Data2,0
20:37:10,MsgId,7,Data0,2,Data1,0,Data2,0
20:37:11,MsgId,7,Data0,3,Data1,0,Data2,0
20:37:11,MsgId,7,Data0,4,Data1,0,Data2,0
20:37:11,MsgId,5
20:37:11,MsgId,51,Data0,0,Data1,3
20:37:11,MsgId,1
20:42:06,MsgId,6,Data0,1,Data1,1,Data2,0,Data3,0
20:42:06,MsgId,6,Data0,1,Data1,2,Data2,0,Data3,0
20:42:07,MsgId,6,Data0,1,Data1,3,Data2,0,Data3,0
20:42:07,MsgId,6,Data0,1,Data1,4,Data2,0,Data3,0
20:42:07,MsgId,6,Data0,1,Data1,5,Data2,0,Data3,0
20:42:07,MsgId,6,Data0,2,Data1,1,Data2,0,Data3,0
20:42:07,MsgId,6,Data0,2,Data1,2,Data2,0,Data3,0
20:42:08,MsgId,6,Data0,2,Data1,3,Data2,0,Data3,0
20:42:08,MsgId,6,Data0,2,Data1,4,Data2,0,Data3,0
20:42:08,MsgId,6,Data0,2,Data1,5,Data2,0,Data3,0
20:42:08,MsgId,6,Data0,3,Data1,1,Data2,0,Data3,0
20:42:08,MsgId,6,Data0,3,Data1,2,Data2,0,Data3,0
20:42:09,MsgId,6,Data0,3,Data1,3,Data2,0,Data3,0
20:42:09,MsgId,6,Data0,3,Data1,4,Data2,0,Data3,0
20:42:09,MsgId,6,Data0,3,Data1,5,Data2,0,Data3,0
20:42:09,MsgId,6,Data0,4,Data1,1,Data2,0,Data3,0
20:42:09,MsgId,6,Data0,4,Data1,2,Data2,0,Data3,0
20:42:10,MsgId,6,Data0,4,Data1,3,Data2,0,Data3,0
20:42:10,MsgId,6,Data0,4,Data1,4,Data2,0,Data3,0
20:42:10,MsgId,6,Data0,4,Data1,5,Data2,0,Data3,0
20:42:10,MsgId,7,Data0,1,Data1,0,Data2,0
20:42:10,MsgId,7,Data0,2,Data1,0,Data2,0
20:42:11,MsgId,7,Data0,3,Data1,0,Data2,0
20:42:11,MsgId,7,Data0,4,Data1,0,Data2,0
20:42:11,MsgId,5
20:42:11,MsgId,51,Data0,0,Data1,0
20:42:11,MsgId,1
20:47:06,MsgId,6,Data0,1,Data1,1,Data2,0,Data3,0
20:47:06,MsgId,6,Data0,1,Data1,2,Data2,0,Data3,0
20:47:07,MsgId,6,Data0,1,Data1,3,Data2,0,Data3,0
20:47:07,MsgId,6,Data0,1,Data1,4,Data2,0,Data3,0
20:47:07,MsgId,6,Data0,1,Data1,5,Data2,0,Data3,0
20:47:07,MsgId,6,Data0,2,Data1,1,Data2,0,Data3,0
20:47:07,MsgId,6,Data0,2,Data1,2,Data2,0,Data3,0
20:47:08,MsgId,6,Data0,2,Data1,3,Data2,0,Data3,0
20:47:08,MsgId,6,Data0,2,Data1,4,Data2,0,Data3,0
20:47:08,MsgId,6,Data0,2,Data1,5,Data2,0,Data3,0
20:47:08,MsgId,6,Data0,3,Data1,1,Data2,0,Data3,0
20:47:08,MsgId,6,Data0,3,Data1,2,Data2,0,Data3,0
20:47:09,MsgId,6,Data0,3,Data1,3,Data2,0,Data3,0
20:47:09,MsgId,6,Data0,3,Data1,4,Data2,0,Data3,0
20:47:09,MsgId,6,Data0,3,Data1,5,Data2,0,Data3,0
20:47:09,MsgId,6,Data0,4,Data1,1,Data2,0,Data3,0
20:47:09,MsgId,6,Data0,4,Data1,2,Data2,0,Data3,0
20:47:10,MsgId,6,Data0,4,Data1,3,Data2,0,Data3,0
20:47:10,MsgId,6,Data0,4,Data1,4,Data2,0,Data3,0
20:47:10,MsgId,6,Data0,4,Data1,5,Data2,0,Data3,0
20:47:10,MsgId,7,Data0,1,Data1,0,Data2,0
20:47:10,MsgId,7,Data0,2,Data1,0,Data2,0
20:47:11,MsgId,7,Data0,3,Data1,0,Data2,0
20:47:11,MsgId,7,Data0,4,Data1,0,Data2,0
20:47:11,MsgId,5
20:47:11,MsgId,51,Data0,0,Data1,7
20:47:11,MsgId,1
20:52:06,MsgId,6,Data0,1,Data1,1,Data2,0,Data3,0
20:52:06,MsgId,6,Data0,1,Data1,2,Data2,0,Data3,0
20:52:07,MsgId,6,Data0,1,Data1,3,Data2,0,Data3,0
20:52:07,MsgId,6,Data0,1,Data1,4,Data2,0,Data3,0
20:52:07,MsgId,6,Data0,1,Data1,5,Data2,0,Data3,0
20:52:07,MsgId,6,Data0,2,Data1,1,Data2,0,Data3,0
20:52:07,MsgId,6,Data0,2,Data1,2,Data2,0,Data3,0
20:52:08,MsgId,6,Data0,2,Data1,3,Data2,0,Data3,0
20:52:08,MsgId,6,Data0,2,Data1,4,Data2,0,Data3,0
20:52:08,MsgId,6,Data0,2,Data1,5,Data2,0,Data3,0
20:52:08,MsgId,6,Data0,3,Data1,1,Data2,0,Data3,0
20:52:08,MsgId,6,Data0,3,Data1,2,Data2,0,Data3,0
20:52:09,MsgId,6,Data0,3,Data1,3,Data2,0,Data3,0
20:52:09,MsgId,6,Data0,3,Data1,4,Data2,0,Data3,0
20:52:09,MsgId,6,Data0,3,Data1,5,Data2,0,Data3,0
20:52:09,MsgId,6,Data0,4,Data1,1,Data2,0,Data3,0
20:52:09,MsgId,6,Data0,4,Data1,2,Data2,0,Data3,0
20:52:10,MsgId,6,Data0,4,Data1,3,Data2,0,Data3,0
20:52:10,MsgId,6,Data0,4,Data1,4,Data2,0,Data3,0
20:52:10,MsgId,6,Data0,4,Data1,5,Data2,0,Data3,0
20:52:10,MsgId,7,Data0,1,Data1,0,Data2,0
20:52:11,MsgId,7,Data0,2,Data1,0,Data2,0
20:52:11,MsgId,7,Data0,3,Data1,0,Data2,0
20:52:11,MsgId,7,Data0,4,Data1,0,Data2,0
20:52:11,MsgId,5
20:52:11,MsgId,51,Data0,0,Data1,7
20:52:11,MsgId,1
20:57:06,MsgId,6,Data0,1,Data1,1,Data2,0,Data3,0
20:57:06,MsgId,6,Data0,1,Data1,2,Data2,0,Data3,0
20:57:07,MsgId,6,Data0,1,Data1,3,Data2,0,Data3,0
20:57:07,MsgId,6,Data0,1,Data1,4,Data2,0,Data3,0
20:57:07,MsgId,6,Data0,1,Data1,5,Data2,0,Data3,0
20:57:07,MsgId,6,Data0,2,Data1,1,Data2,0,Data3,0
20:57:08,MsgId,6,Data0,2,Data1,2,Data2,0,Data3,0
20:57:08,MsgId,6,Data0,2,Data1,3,Data2,0,Data3,0
20:57:08,MsgId,6,Data0,2,Data1,4,Data2,0,Data3,0
20:57:08,MsgId,6,Data0,2,Data1,5,Data2,0,Data3,0
20:57:08,MsgId,6,Data0,3,Data1,1,Data2,0,Data3,0
20:57:09,MsgId,6,Data0,3,Data1,2,Data2,0,Data3,0
20:57:09,MsgId,6,Data0,3,Data1,3,Data2,0,Data3,0
20:57:09,MsgId,6,Data0,3,Data1,4,Data2,0,Data3,0
20:57:09,MsgId,6,Data0,3,Data1,5,Data2,0,Data3,0
20:57:09,MsgId,6,Data0,4,Data1,1,Data2,0,Data3,0
20:57:10,MsgId,6,Data0,4,Data1,2,Data2,0,Data3,0
20:57:10,MsgId,6,Data0,4,Data1,3,Data2,0,Data3,0
20:57:10,MsgId,6,Data0,4,Data1,4,Data2,0,Data3,0
20:57:10,MsgId,6,Data0,4,Data1,5,Data2,0,Data3,0
20:57:10,MsgId,7,Data0,1,Data1,0,Data2,0
20:57:11,MsgId,7,Data0,2,Data1,0,Data2,0
20:57:11,MsgId,7,Data0,3,Data1,0,Data2,0
20:57:11,MsgId,7,Data0,4,Data1,0,Data2,0
20:57:11,MsgId,5
20:57:11,MsgId,51,Data0,0,Data1,0
20:57:11,MsgId,1
21:02:06,MsgId,6,Data0,1,Data1,1,Data2,0,Data3,0
21:02:06,MsgId,6,Data0,1,Data1,2,Data2,0,Data3,0
21:02:07,MsgId,6,Data0,1,Data1,3,Data2,0,Data3,0
21:02:07,MsgId,6,Data0,1,Data1,4,Data2,0,Data3,0
21:02:07,MsgId,6,Data0,1,Data1,5,Data2,0,Data3,0
21:02:07,MsgId,6,Data0,2,Data1,1,Data2,0,Data3,0
21:02:08,MsgId,6,Data0,2,Data1,2,Data2,0,Data3,0
21:02:08,MsgId,6,Data0,2,Data1,3,Data2,0,Data3,0
21:02:08,MsgId,6,Data0,2,Data1,4,Data2,0,Data3,0
21:02:08,MsgId,6,Data0,2,Data1,5,Data2,0,Data3,0
21:02:08,MsgId,6,Data0,3,Data1,1,Data2,0,Data3,0
21:02:09,MsgId,6,Data0,3,Data1,2,Data2,0,Data3,0
21:02:09,MsgId,6,Data0,3,Data1,3,Data2,0,Data3,0
21:02:09,MsgId,6,Data0,3,Data1,4,Data2,0,Data3,0
21:02:09,MsgId,6,Data0,3,Data1,5,Data2,0,Data3,0
21:02:09,MsgId,6,Data0,4,Data1,1,Data2,0,Data3,0
21:02:10,MsgId,6,Data0,4,Data1,2,Data2,0,Data3,0
21:02:10,MsgId,6,Data0,4,Data1,3,Data2,0,Data3,0
21:02:10,MsgId,6,Data0,4,Data1,4,Data2,0,Data3,0
21:02:10,MsgId,6,Data0,4,Data1,5,Data2,0,Data3,0
21:02:10,MsgId,7,Data0,1,Data1,0,Data2,0
21:02:11,MsgId,7,Data0,2,Data1,0,Data2,0
21:02:11,MsgId,7,Data0,3,Data1,0,Data2,0
21:02:11,MsgId,7,Data0,4,Data1,0,Data2,0
21:02:11,MsgId,5
21:02:11,MsgId,51,Data0,0,Data1,7
21:02:11,MsgId,1
21:07:06,MsgId,6,Data0,1,Data1,1,Data2,0,Data3,0
21:07:07,MsgId,6,Data0,1,Data1,2,Data2,0,Data3,0
21:07:07,MsgId,6,Data0,1,Data1,3,Data2,0,Data3,0
21:07:07,MsgId,6,Data0,1,Data1,4,Data2,0,Data3,0
21:07:07,MsgId,6,Data0,1,Data1,5,Data2,0,Data3,0
21:07:07,MsgId,6,Data0,2,Data1,1,Data2,0,Data3,0
21:07:08,MsgId,6,Data0,2,Data1,2,Data2,0,Data3,0
21:07:08,MsgId,6,Data0,2,Data1,3,Data2,0,Data3,0
21:07:08,MsgId,6,Data0,2,Data1,4,Data2,0,Data3,0
21:07:08,MsgId,6,Data0,2,Data1,5,Data2,0,Data3,0
21:07:08,MsgId,6,Data0,3,Data1,1,Data2,0,Data3,0
21:07:09,MsgId,6,Data0,3,Data1,2,Data2,0,Data3,0
21:07:09,MsgId,6,Data0,3,Data1,3,Data2,0,Data3,0
21:07:09,MsgId,6,Data0,3,Data1,4,Data2,0,Data3,0
21:07:09,MsgId,6,Data0,3,Data1,5,Data2,0,Data3,0
21:07:09,MsgId,6,Data0,4,Data1,1,Data2,0,Data3,0
21:07:10,MsgId,6,Data0,4,Data1,2,Data2,0,Data3,0
21:07:10,MsgId,6,Data0,4,Data1,3,Data2,0,Data3,0
21:07:10,MsgId,6,Data0,4,Data1,4,Data2,0,Data3,0
21:07:10,MsgId,6,Data0,4,Data1,5,Data2,0,Data3,0
21:07:10,MsgId,7,Data0,1,Data1,0,Data2,0
21:07:11,MsgId,7,Data0,2,Data1,0,Data2,0
21:07:11,MsgId,7,Data0,3,Data1,0,Data2,0
21:07:11,MsgId,7,Data0,4,Data1,0,Data2,0
21:07:11,MsgId,5
21:07:11,MsgId,51,Data0,0,Data1,3
21:07:11,MsgId,1
21:12:06,MsgId,6,Data0,1,Data1,1,Data2,0,Data3,0
21:12:07,MsgId,6,Data0,1,Data1,2,Data2,0,Data3,0
21:12:07,MsgId,6,Data0,1,Data1,3,Data2,0,Data3,0
21:12:07,MsgId,6,Data0,1,Data1,4,Data2,0,Data3,0
21:12:07,MsgId,6,Data0,1,Data1,5,Data2,0,Data3,0
21:12:07,MsgId,6,Data0,2,Data1,1,Data2,0,Data3,0
21:12:08,MsgId,6,Data0,2,Data1,2,Data2,0,Data3,0
21:12:08,MsgId,6,Data0,2,Data1,3,Data2,0,Data3,0
21:12:08,MsgId,6,Data0,2,Data1,4,Data2,0,Data3,0
21:12:08,MsgId,6,Data0,2,Data1,5,Data2,0,Data3,0
21:12:08,MsgId,6,Data0,3,Data1,1,Data2,0,Data3,0
21:12:09,MsgId,6,Data0,3,Data1,2,Data2,0,Data3,0
21:12:09,MsgId,6,Data0,3,Data1,3,Data2,0,Data3,0
21:12:09,MsgId,6,Data0,3,Data1,4,Data2,0,Data3,0
21:12:09,MsgId,6,Data0,3,Data1,5,Data2,0,Data3,0
21:12:09,MsgId,6,Data0,4,Data1,1,Data2,0,Data3,0
21:12:10,MsgId,6,Data0,4,Data1,2,Data2,0,Data3,0
21:12:10,MsgId,6,Data0,4,Data1,3,Data2,0,Data3,0
21:12:10,MsgId,6,Data0,4,Data1,4,Data2,0,Data3,0
21:12:10,MsgId,6,Data0,4,Data1,5,Data2,0,Data3,0
21:12:10,MsgId,7,Data0,1,Data1,0,Data2,0
21:12:11,MsgId,7,Data0,2,Data1,0,Data2,0
21:12:11,MsgId,7,Data0,3,Data1,0,Data2,0
21:12:11,MsgId,7,Data0,4,Data1,0,Data2,0
21:12:11,MsgId,5
21:12:11,MsgId,51,Data0,0,Data1,3
21:12:11,MsgId,1
21:17:06,MsgId,6,Data0,1,Data1,1,Data2,0,Data3,0
21:17:07,MsgId,6,Data0,1,Data1,2,Data2,0,Data3,0
21:17:07,MsgId,6,Data0,1,Data1,3,Data2,0,Data3,0
21:17:07,MsgId,6,Data0,1,Data1,4,Data2,0,Data3,0
21:17:07,MsgId,6,Data0,1,Data1,5,Data2,0,Data3,0
21:17:07,MsgId,6,Data0,2,Data1,1,Data2,0,Data3,0
21:17:08,MsgId,6,Data0,2,Data1,2,Data2,0,Data3,0
21:17:08,MsgId,6,Data0,2,Data1,3,Data2,0,Data3,0
21:17:08,MsgId,6,Data0,2,Data1,4,Data2,0,Data3,0
21:17:08,MsgId,6,Data0,2,Data1,5,Data2,0,Data3,0
21:17:08,MsgId,6,Data0,3,Data1,1,Data2,0,Data3,0
21:17:09,MsgId,6,Data0,3,Data1,2,Data2,0,Data3,0
21:17:09,MsgId,6,Data0,3,Data1,3,Data2,0,Data3,0
21:17:09,MsgId,6,Data0,3,Data1,4,Data2,0,Data3,0
21:17:09,MsgId,6,Data0,3,Data1,5,Data2,0,Data3,0
21:17:09,MsgId,6,Data0,4,Data1,1,Data2,0,Data3,0
21:17:10,MsgId,6,Data0,4,Data1,2,Data2,0,Data3,0
21:17:10,MsgId,6,Data0,4,Data1,3,Data2,0,Data3,0
21:17:10,MsgId,6,Data0,4,Data1,4,Data2,0,Data3,0
21:17:10,MsgId,6,Data0,4,Data1,5,Data2,0,Data3,0
21:17:10,MsgId,7,Data0,1,Data1,0,Data2,0
21:17:11,MsgId,7,Data0,2,Data1,0,Data2,0
21:17:11,MsgId,7,Data0,3,Data1,0,Data2,0
21:17:11,MsgId,7,Data0,4,Data1,0,Data2,0
21:17:11,MsgId,5
21:17:11,MsgId,51,Data0,0,Data1,3
21:17:11,MsgId,1
21:22:06,MsgId,6,Data0,1,Data1,1,Data2,0,Data3,0
21:22:07,MsgId,6,Data0,1,Data1,2,Data2,0,Data3,0
21:22:07,MsgId,6,Data0,1,Data1,3,Data2,0,Data3,0
21:22:07,MsgId,6,Data0,1,Data1,4,Data2,0,Data3,0
21:22:07,MsgId,6,Data0,1,Data1,5,Data2,0,Data3,0
21:22:07,MsgId,6,Data0,2,Data1,1,Data2,0,Data3,0
21:22:08,MsgId,6,Data0,2,Data1,2,Data2,0,Data3,0
21:22:08,MsgId,6,Data0,2,Data1,3,Data2,0,Data3,0
21:22:08,MsgId,6,Data0,2,Data1,4,Data2,0,Data3,0
21:22:08,MsgId,6,Data0,2,Data1,5,Data2,0,Data3,0
21:22:08,MsgId,6,Data0,3,Data1,1,Data2,0,Data3,0
21:22:09,MsgId,6,Data0,3,Data1,2,Data2,0,Data3,0
21:22:09,MsgId,6,Data0,3,Data1,3,Data2,0,Data3,0
21:22:09,MsgId,6,Data0,3,Data1,4,Data2,0,Data3,0
21:22:09,MsgId,6,Data0,3,Data1,5,Data2,0,Data3,0
21:22:09,MsgId,6,Data0,4,Data1,1,Data2,0,Data3,0
21:22:10,MsgId,6,Data0,4,Data1,2,Data2,0,Data3,0
21:22:10,MsgId,6,Data0,4,Data1,3,Data2,0,Data3,0
21:22:10,MsgId,6,Data0,4,Data1,4,Data2,0,Data3,0
21:22:10,MsgId,6,Data0,4,Data1,5,Data2,0,Data3,0
21:22:10,MsgId,7,Data0,1,Data1,0,Data2,0
21:22:11,MsgId,7,Data0,2,Data1,0,Data2,0
21:22:11,MsgId,7,Data0,3,Data1,0,Data2,0
21:22:11,MsgId,7,Data0,4,Data1,0,Data2,0
21:22:11,MsgId,5
21:22:11,MsgId,51,Data0,0,Data1,3
21:22:11,MsgId,1
21:27:06,MsgId,6,Data0,1,Data1,1,Data2,0,Data3,0
21:27:07,MsgId,6,Data0,1,Data1,2,Data2,0,Data3,0
21:27:07,MsgId,6,Data0,1,Data1,3,Data2,0,Data3,0
21:27:07,MsgId,6,Data0,1,Data1,4,Data2,0,Data3,0
21:27:07,MsgId,6,Data0,1,Data1,5,Data2,0,Data3,0
21:27:07,MsgId,6,Data0,2,Data1,1,Data2,0,Data3,0
21:27:08,MsgId,6,Data0,2,Data1,2,Data2,0,Data3,0
21:27:08,MsgId,6,Data0,2,Data1,3,Data2,0,Data3,0
21:27:08,MsgId,6,Data0,2,Data1,4,Data2,0,Data3,0
21:27:08,MsgId,6,Data0,2,Data1,5,Data2,0,Data3,0
21:27:08,MsgId,6,Data0,3,Data1,1,Data2,0,Data3,0
21:27:09,MsgId,6,Data0,3,Data1,2,Data2,0,Data3,0
21:27:09,MsgId,6,Data0,3,Data1,3,Data2,0,Data3,0
21:27:09,MsgId,6,Data0,3,Data1,4,Data2,0,Data3,0
21:27:09,MsgId,6,Data0,3,Data1,5,Data2,0,Data3,0
21:27:09,MsgId,6,Data0,4,Data1,1,Data2,0,Data3,0
21:27:10,MsgId,6,Data0,4,Data1,2,Data2,0,Data3,0
21:27:10,MsgId,6,Data0,4,Data1,3,Data2,0,Data3,0
21:27:10,MsgId,6,Data0,4,Data1,4,Data2,0,Data3,0
21:27:10,MsgId,6,Data0,4,Data1,5,Data2,0,Data3,0
21:27:10,MsgId,7,Data0,1,Data1,0,Data2,0
21:27:11,MsgId,7,Data0,2,Data1,0,Data2,0
21:27:11,MsgId,7,Data0,3,Data1,0,Data2,0
21:27:11,MsgId,7,Data0,4,Data1,0,Data2,0
21:27:11,MsgId,5
21:27:11,MsgId,51,Data0,0,Data1,3
21:27:11,MsgId,1
21:32:06,MsgId,6,Data0,1,Data1,1,Data2,0,Data3,0
21:32:07,MsgId,6,Data0,1,Data1,2,Data2,0,Data3,0
21:32:07,MsgId,6,Data0,1,Data1,3,Data2,0,Data3,0
21:32:07,MsgId,6,Data0,1,Data1,4,Data2,0,Data3,0
21:32:07,MsgId,6,Data0,1,Data1,5,Data2,0,Data3,0
21:32:07,MsgId,6,Data0,2,Data1,1,Data2,0,Data3,0
21:32:08,MsgId,6,Data0,2,Data1,2,Data2,0,Data3,0
21:32:08,MsgId,6,Data0,2,Data1,3,Data2,0,Data3,0
21:32:08,MsgId,6,Data0,2,Data1,4,Data2,0,Data3,0
21:32:08,MsgId,6,Data0,2,Data1,5,Data2,0,Data3,0
21:32:08,MsgId,6,Data0,3,Data1,1,Data2,0,Data3,0
21:32:09,MsgId,6,Data0,3,Data1,2,Data2,0,Data3,0
21:32:09,MsgId,6,Data0,3,Data1,3,Data2,0,Data3,0
21:32:09,MsgId,6,Data0,3,Data1,4,Data2,0,Data3,0
21:32:09,MsgId,6,Data0,3,Data1,5,Data2,0,Data3,0
21:32:09,MsgId,6,Data0,4,Data1,1,Data2,0,Data3,0
21:32:10,MsgId,6,Data0,4,Data1,2,Data2,0,Data3,0
21:32:10,MsgId,6,Data0,4,Data1,3,Data2,0,Data3,0
21:32:10,MsgId,6,Data0,4,Data1,4,Data2,0,Data3,0
21:32:10,MsgId,6,Data0,4,Data1,5,Data2,0,Data3,0
21:32:10,MsgId,7,Data0,1,Data1,0,Data2,0
21:32:11,MsgId,7,Data0,2,Data1,0,Data2,0
21:32:11,MsgId,7,Data0,3,Data1,0,Data2,0
21:32:11,MsgId,7,Data0,4,Data1,0,Data2,0
21:32:11,MsgId,5
21:32:11,MsgId,51,Data0,0,Data1,0
21:32:11,MsgId,1
21:37:06,MsgId,6,Data0,1,Data1,1,Data2,0,Data3,0
21:37:07,MsgId,6,Data0,1,Data1,2,Data2,0,Data3,0
21:37:07,MsgId,6,Data0,1,Data1,3,Data2,0,Data3,0
21:37:07,MsgId,6,Data0,1,Data1,4,Data2,0,Data3,0
21:37:07,MsgId,6,Data0,1,Data1,5,Data2,0,Data3,0
21:37:07,MsgId,6,Data0,2,Data1,1,Data2,0,Data3,0
21:37:08,MsgId,6,Data0,2,Data1,2,Data2,0,Data3,0
21:37:08,MsgId,6,Data0,2,Data1,3,Data2,0,Data3,0
21:37:08,MsgId,6,Data0,2,Data1,4,Data2,0,Data3,0
21:37:08,MsgId,6,Data0,2,Data1,5,Data2,0,Data3,0
21:37:08,MsgId,6,Data0,3,Data1,1,Data2,0,Data3,0
21:37:09,MsgId,6,Data0,3,Data1,2,Data2,0,Data3,0
21:37:09,MsgId,6,Data0,3,Data1,3,Data2,0,Data3,0
21:37:09,MsgId,6,Data0,3,Data1,4,Data2,0,Data3,0
21:37:09,MsgId,6,Data0,3,Data1,5,Data2,0,Data3,0
21:37:09,MsgId,6,Data0,4,Data1,1,Data2,0,Data3,0
21:37:10,MsgId,6,Data0,4,Data1,2,Data2,0,Data3,0
21:37:10,MsgId,6,Data0,4,Data1,3,Data2,0,Data3,0
21:37:10,MsgId,6,Data0,4,Data1,4,Data2,0,Data3,0
21:37:10,MsgId,6,Data0,4,Data1,5,Data2,0,Data3,0
21:37:10,MsgId,7,Data0,1,Data1,0,Data2,0
21:37:11,MsgId,7,Data0,2,Data1,0,Data2,0
21:37:11,MsgId,7,Data0,3,Data1,0,Data2,0
21:37:11,MsgId,7,Data0,4,Data1,0,Data2,0
21:37:11,MsgId,5
21:37:11,MsgId,51,Data0,0,Data1,3
21:37:11,MsgId,1
21:42:06,MsgId,6,Data0,1,Data1,1,Data2,0,Data3,0
21:42:07,MsgId,6,Data0,1,Data1,2,Data2,0,Data3,0
21:42:07,MsgId,6,Data0,1,Data1,3,Data2,0,Data3,0
21:42:07,MsgId,6,Data0,1,Data1,4,Data2,0,Data3,0
21:42:07,MsgId,6,Data0,1,Data1,5,Data2,0,Data3,0
21:42:07,MsgId,6,Data0,2,Data1,1,Data2,0,Data3,0
21:42:08,MsgId,6,Data0,2,Data1,2,Data2,0,Data3,0
21:42:08,MsgId,6,Data0,2,Data1,3,Data2,0,Data3,0
21:42:08,MsgId,6,Data0,2,Data1,4,Data2,0,Data3,0
21:42:08,MsgId,6,Data0,2,Data1,5,Data2,0,Data3,0
21:42:08,MsgId,6,Data0,3,Data1,1,Data2,0,Data3,0
21:42:09,MsgId,6,Data0,3,Data1,2,Data2,0,Data3,0
21:42:09,MsgId,6,Data0,3,Data1,3,Data2,0,Data3,0
21:42:09,MsgId,6,Data0,3,Data1,4,Data2,0,Data3,0
21:42:09,MsgId,6,Data0,3,Data1,5,Data2,0,Data3,0
21:42:09,MsgId,6,Data0,4,Data1,1,Data2,0,Data3,0
21:42:10,MsgId,6,Data0,4,Data1,2,Data2,0,Data3,0
21:42:10,MsgId,6,Data0,4,Data1,3,Data2,0,Data3,0
21:42:10,MsgId,6,Data0,4,Data1,4,Data2,0,Data3,0
21:42:10,MsgId,6,Data0,4,Data1,5,Data2,0,Data3,0
21:42:10,MsgId,7,Data0,1,Data1,0,Data2,0
21:42:11,MsgId,7,Data0,2,Data1,0,Data2,0
21:42:11,MsgId,7,Data0,3,Data1,0,Data2,0
21:42:11,MsgId,7,Data0,4,Data1,0,Data2,0
21:42:11,MsgId,5
21:42:11,MsgId,51,Data0,0,Data1,0
21:42:11,MsgId,1
21:47:06,MsgId,6,Data0,1,Data1,1,Data2,0,Data3,0
21:47:07,MsgId,6,Data0,1,Data1,2,Data2,0,Data3,0
21:47:07,MsgId,6,Data0,1,Data1,3,Data2,0,Data3,0
21:47:07,MsgId,6,Data0,1,Data1,4,Data2,0,Data3,0
21:47:07,MsgId,6,Data0,1,Data1,5,Data2,0,Data3,0
21:47:07,MsgId,6,Data0,2,Data1,1,Data2,0,Data3,0
21:47:08,MsgId,6,Data0,2,Data1,2,Data2,0,Data3,0
21:47:08,MsgId,6,Data0,2,Data1,3,Data2,0,Data3,0
21:47:08,MsgId,6,Data0,2,Data1,4,Data2,0,Data3,0
21:47:08,MsgId,6,Data0,2,Data1,5,Data2,0,Data3,0
21:47:08,MsgId,6,Data0,3,Data1,1,Data2,0,Data3,0
21:47:09,MsgId,6,Data0,3,Data1,2,Data2,0,Data3,0
21:47:09,MsgId,6,Data0,3,Data1,3,Data2,0,Data3,0
21:47:09,MsgId,6,Data0,3,Data1,4,Data2,0,Data3,0
21:47:09,MsgId,6,Data0,3,Data1,5,Data2,0,Data3,0
21:47:09,MsgId,6,Data0,4,Data1,1,Data2,0,Data3,0
21:47:10,MsgId,6,Data0,4,Data1,2,Data2,0,Data3,0
21:47:10,MsgId,6,Data0,4,Data1,3,Data2,0,Data3,0
21:47:10,MsgId,6,Data0,4,Data1,4,Data2,0,Data3,0
21:47:10,MsgId,6,Data0,4,Data1,5,Data2,0,Data3,0
21:47:10,MsgId,7,Data0,1,Data1,0,Data2,0
21:47:11,MsgId,7,Data0,2,Data1,0,Data2,0
21:47:11,MsgId,7,Data0,3,Data1,0,Data2,0
21:47:11,MsgId,7,Data0,4,Data1,0,Data2,0
21:47:11,MsgId,5
21:47:11,MsgId,51,Data0,0,Data1,7
21:47:11,MsgId,1
21:52:06,MsgId,6,Data0,1,Data1,1,Data2,0,Data3,0
21:52:07,MsgId,6,Data0,1,Data1,2,Data2,0,Data3,0
21:52:07,MsgId,6,Data0,1,Data1,3,Data2,0,Data3,0
21:52:07,MsgId,6,Data0,1,Data1,4,Data2,0,Data3,0
21:52:07,MsgId,6,Data0,1,Data1,5,Data2,0,Data3,0
21:52:07,MsgId,6,Data0,2,Data1,1,Data2,0,Data3,0
21:52:08,MsgId,6,Data0,2,Data1,2,Data2,0,Data3,0
21:52:08,MsgId,6,Data0,2,Data1,3,Data2,0,Data3,0
21:52:08,MsgId,6,Data0,2,Data1,4,Data2,0,Data3,0
21:52:08,MsgId,6,Data0,2,Data1,5,Data2,0,Data3,0
21:52:08,MsgId,6,Data0,3,Data1,1,Data2,0,Data3,0
21:52:09,MsgId,6,Data0,3,Data1,2,Data2,0,Data3,0
21:52:09,MsgId,6,Data0,3,Data1,3,Data2,0,Data3,0
21:52:09,MsgId,6,Data0,3,Data1,4,Data2,0,Data3,0
21:52:09,MsgId,6,Data0,3,Data1,5,Data2,0,Data3,0
21:52:09,MsgId,6,Data0,4,Data1,1,Data2,0,Data3,0
21:52:10,MsgId,6,Data0,4,Data1,2,Data2,0,Data3,0
21:52:10,MsgId,6,Data0,4,Data1,3,Data2,0,Data3,0
21:52:10,MsgId,6,Data0,4,Data1,4,Data2,0,Data3,0
21:52:10,MsgId,6,Data0,4,Data1,5,Data2,0,Data3,0
21:52:10,MsgId,7,Data0,1,Data1,0,Data2,0
21:52:11,MsgId,7,Data0,2,Data1,0,Data2,0
21:52:11,MsgId,7,Data0,3,Data1,0,Data2,0
21:52:11,MsgId,7,Data0,4,Data1,0,Data2,0
21:52:11,MsgId,5
21:52:11,MsgId,51,Data0,0,Data1,7
21:52:11,MsgId,1
21:57:06,MsgId,6,Data0,1,Data1,1,Data2,0,Data3,0
21:57:07,MsgId,6,Data0,1,Data1,2,Data2,0,Data3,0
21:57:07,MsgId,6,Data0,1,Data1,3,Data2,0,Data3,0
21:57:07,MsgId,6,Data0,1,Data1,4,Data2,0,Data3,0
21:57:07,MsgId,6,Data0,1,Data1,5,Data2,0,Data3,0
21:57:07,MsgId,6,Data0,2,Data1,1,Data2,0,Data3,0
21:57:08,MsgId,6,Data0,2,Data1,2,Data2,0,Data3,0
21:57:08,MsgId,6,Data0,2,Data1,3,Data2,0,Data3,0
21:57:08,MsgId,6,Data0,2,Data1,4,Data2,0,Data3,0
21:57:08,MsgId,6,Data0,2,Data1,5,Data2,0,Data3,0
21:57:08,MsgId,6,Data0,3,Data1,1,Data2,0,Data3,0
21:57:09,MsgId,6,Data0,3,Data1,2,Data2,0,Data3,0
21:57:09,MsgId,6,Data0,3,Data1,3,Data2,0,Data3,0
21:57:09,MsgId,6,Data0,3,Data1,4,Data2,0,Data3,0
21:57:09,MsgId,6,Data0,3,Data1,5,Data2,0,Data3,0
21:57:09,MsgId,6,Data0,4,Data1,1,Data2,0,Data3,0
21:57:10,MsgId,6,Data0,4,Data1,2,Data2,0,Data3,0
21:57:10,MsgId,6,Data0,4,Data1,3,Data2,0,Data3,0
21:57:10,MsgId,6,Data0,4,Data1,4,Data2,0,Data3,0
21:57:10,MsgId,6,Data0,4,Data1,5,Data2,0,Data3,0
21:57:10,MsgId,7,Data0,1,Data1,0,Data2,0
21:57:11,MsgId,7,Data0,2,Data1,0,Data2,0
21:57:11,MsgId,7,Data0,3,Data1,0,Data2,0
21:57:11,MsgId,7,Data0,4,Data1,0,Data2,0
21:57:11,MsgId,5
21:57:11,MsgId,51,Data0,0,Data1,3
21:57:11,MsgId,1
22:02:06,MsgId,6,Data0,1,Data1,1,Data2,0,Data3,0
22:02:07,MsgId,6,Data0,1,Data1,2,Data2,0,Data3,0
22:02:07,MsgId,6,Data0,1,Data1,3,Data2,0,Data3,0
22:02:07,MsgId,6,Data0,1,Data1,4,Data2,0,Data3,0
22:02:07,MsgId,6,Data0,1,Data1,5,Data2,0,Data3,0
22:02:07,MsgId,6,Data0,2,Data1,1,Data2,0,Data3,0
22:02:08,MsgId,6,Data0,2,Data1,2,Data2,0,Data3,0
22:02:08,MsgId,6,Data0,2,Data1,3,Data2,0,Data3,0
22:02:08,MsgId,6,Data0,2,Data1,4,Data2,0,Data3,0
22:02:08,MsgId,6,Data0,2,Data1,5,Data2,0,Data3,0
22:02:08,MsgId,6,Data0,3,Data1,1,Data2,0,Data3,0
22:02:09,MsgId,6,Data0,3,Data1,2,Data2,0,Data3,0
22:02:09,MsgId,6,Data0,3,Data1,3,Data2,0,Data3,0
22:02:09,MsgId,6,Data0,3,Data1,4,Data2,0,Data3,0
22:02:09,MsgId,6,Data0,3,Data1,5,Data2,0,Data3,0
22:02:09,MsgId,6,Data0,4,Data1,1,Data2,0,Data3,0
22:02:10,MsgId,6,Data0,4,Data1,2,Data2,0,Data3,0
22:02:10,MsgId,6,Data0,4,Data1,3,Data2,0,Data3,0
22:02:10,MsgId,6,Data0,4,Data1,4,Data2,0,Data3,0
22:02:10,MsgId,6,Data0,4,Data1,5,Data2,0,Data3,0
22:02:10,MsgId,7,Data0,1,Data1,0,Data2,0
22:02:11,MsgId,7,Data0,2,Data1,0,Data2,0
22:02:11,MsgId,7,Data0,3,Data1,0,Data2,0
22:02:11,MsgId,7,Data0,4,Data1,0,Data2,0
22:02:11,MsgId,5
22:02:11,MsgId,51,Data0,0,Data1,7
22:02:11,MsgId,1
22:07:06,MsgId,6,Data0,1,Data1,1,Data2,0,Data3,0
22:07:07,MsgId,6,Data0,1,Data1,2,Data2,0,Data3,0
22:07:07,MsgId,6,Data0,1,Data1,3,Data2,0,Data3,0
22:07:07,MsgId,6,Data0,1,Data1,4,Data2,0,Data3,0
22:07:07,MsgId,6,Data0,1,Data1,5,Data2,0,Data3,0
22:07:07,MsgId,6,Data0,2,Data1,1,Data2,0,Data3,0
22:07:08,MsgId,6,Data0,2,Data1,2,Data2,0,Data3,0
22:07:08,MsgId,6,Data0,2,Data1,3,Data2,0,Data3,0
22:07:08,MsgId,6,Data0,2,Data1,4,Data2,0,Data3,0
22:07:08,MsgId,6,Data0,2,Data1,5,Data2,0,Data3,0
22:07:08,MsgId,6,Data0,3,Data1,1,Data2,0,Data3,0
22:07:09,MsgId,6,Data0,3,Data1,2,Data2,0,Data3,0
22:07:09,MsgId,6,Data0,3,Data1,3,Data2,0,Data3,0
22:07:09,MsgId,6,Data0,3,Data1,4,Data2,0,Data3,0
22:07:09,MsgId,6,Data0,3,Data1,5,Data2,0,Data3,0
22:07:09,MsgId,6,Data0,4,Data1,1,Data2,0,Data3,0
22:07:10,MsgId,6,Data0,4,Data1,2,Data2,0,Data3,0
22:07:10,MsgId,6,Data0,4,Data1,3,Data2,0,Data3,0
22:07:10,MsgId,6,Data0,4,Data1,4,Data2,0,Data3,0
22:07:10,MsgId,6,Data0,4,Data1,5,Data2,0,Data3,0
22:07:10,MsgId,7,Data0,1,Data1,0,Data2,0
22:07:11,MsgId,7,Data0,2,Data1,0,Data2,0
22:07:11,MsgId,7,Data0,3,Data1,0,Data2,0
22:07:11,MsgId,7,Data0,4,Data1,0,Data2,0
22:07:11,MsgId,5
22:07:11,MsgId,51,Data0,0,Data1,3
22:07:11,MsgId,1
22:12:06,MsgId,6,Data0,1,Data1,1,Data2,0,Data3,0
22:12:07,MsgId,6,Data0,1,Data1,2,Data2,0,Data3,0
22:12:07,MsgId,6,Data0,1,Data1,3,Data2,0,Data3,0
22:12:07,MsgId,6,Data0,1,Data1,4,Data2,0,Data3,0
22:12:07,MsgId,6,Data0,1,Data1,5,Data2,0,Data3,0
22:12:07,MsgId,6,Data0,2,Data1,1,Data2,0,Data3,0
22:12:08,MsgId,6,Data0,2,Data1,2,Data2,0,Data3,0
22:12:08,MsgId,6,Data0,2,Data1,3,Data2,0,Data3,0
22:12:08,MsgId,6,Data0,2,Data1,4,Data2,0,Data3,0
22:12:08,MsgId,6,Data0,2,Data1,5,Data2,0,Data3,0
22:12:08,MsgId,6,Data0,3,Data1,1,Data2,0,Data3,0
22:12:09,MsgId,6,Data0,3,Data1,2,Data2,0,Data3,0
22:12:09,MsgId,6,Data0,3,Data1,3,Data2,0,Data3,0
22:12:09,MsgId,6,Data0,3,Data1,4,Data2,0,Data3,0
22:12:09,MsgId,6,Data0,3,Data1,5,Data2,0,Data3,0
22:12:09,MsgId,6,Data0,4,Data1,1,Data2,0,Data3,0
22:12:10,MsgId,6,Data0,4,Data1,2,Data2,0,Data3,0
22:12:10,MsgId,6,Data0,4,Data1,3,Data2,0,Data3,0
22:12:10,MsgId,6,Data0,4,Data1,4,Data2,0,Data3,0
22:12:10,MsgId,6,Data0,4,Data1,5,Data2,0,Data3,0
22:12:10,MsgId,7,Data0,1,Data1,0,Data2,0
22:12:11,MsgId,7,Data0,2,Data1,0,Data2,0
22:12:11,MsgId,7,Data0,3,Data1,0,Data2,0
22:12:11,MsgId,7,Data0,4,Data1,0,Data2,0
22:12:11,MsgId,5
22:12:11,MsgId,51,Data0,0,Data1,3
22:12:11,MsgId,1
22:17:06,MsgId,6,Data0,1,Data1,1,Data2,0,Data3,0
22:17:07,MsgId,6,Data0,1,Data1,2,Data2,0,Data3,0
22:17:07,MsgId,6,Data0,1,Data1,3,Data2,0,Data3,0
22:17:07,MsgId,6,Data0,1,Data1,4,Data2,0,Data3,0
22:17:07,MsgId,6,Data0,1,Data1,5,Data2,0,Data3,0
22:17:07,MsgId,6,Data0,2,Data1,1,Data2,0,Data3,0
22:17:08,MsgId,6,Data0,2,Data1,2,Data2,0,Data3,0
22:17:08,MsgId,6,Data0,2,Data1,3,Data2,0,Data3,0
22:17:08,MsgId,6,Data0,2,Data1,4,Data2,0,Data3,0
22:17:08,MsgId,6,Data0,2,Data1,5,Data2,0,Data3,0
22:17:08,MsgId,6,Data0,3,Data1,1,Data2,0,Data3,0
22:17:09,MsgId,6,Data0,3,Data1,2,Data2,0,Data3,0
22:17:09,MsgId,6,Data0,3,Data1,3,Data2,0,Data3,0
22:17:09,MsgId,6,Data0,3,Data1,4,Data2,0,Data3,0
22:17:09,MsgId,6,Data0,3,Data1,5,Data2,0,Data3,0
22:17:10,MsgId,6,Data0,4,Data1,1,Data2,0,Data3,0
22:17:10,MsgId,6,Data0,4,Data1,2,Data2,0,Data3,0
22:17:10,MsgId,6,Data0,4,Data1,3,Data2,0,Data3,0
22:17:10,MsgId,6,Data0,4,Data1,4,Data2,0,Data3,0
22:17:10,MsgId,6,Data0,4,Data1,5,Data2,0,Data3,0
22:17:11,MsgId,7,Data0,1,Data1,0,Data2,0
22:17:11,MsgId,7,Data0,2,Data1,0,Data2,0
22:17:11,MsgId,7,Data0,3,Data1,0,Data2,0
22:17:11,MsgId,7,Data0,4,Data1,0,Data2,0
22:17:11,MsgId,5
22:17:11,MsgId,51,Data0,0,Data1,7
22:17:11,MsgId,1
22:22:06,MsgId,6,Data0,1,Data1,1,Data2,0,Data3,0
22:22:07,MsgId,6,Data0,1,Data1,2,Data2,0,Data3,0
22:22:07,MsgId,6,Data0,1,Data1,3,Data2,0,Data3,0
22:22:07,MsgId,6,Data0,1,Data1,4,Data2,0,Data3,0
22:22:07,MsgId,6,Data0,1,Data1,5,Data2,0,Data3,0
22:22:08,MsgId,6,Data0,2,Data1,1,Data2,0,Data3,0
22:22:08,MsgId,6,Data0,2,Data1,2,Data2,0,Data3,0
22:22:08,MsgId,6,Data0,2,Data1,3,Data2,0,Data3,0
22:22:08,MsgId,6,Data0,2,Data1,4,Data2,0,Data3,0
22:22:08,MsgId,6,Data0,2,Data1,5,Data2,0,Data3,0
22:22:09,MsgId,6,Data0,3,Data1,1,Data2,0,Data3,0
22:22:09,MsgId,6,Data0,3,Data1,2,Data2,0,Data3,0
22:22:09,MsgId,6,Data0,3,Data1,3,Data2,0,Data3,0
22:22:09,MsgId,6,Data0,3,Data1,4,Data2,0,Data3,0
22:22:09,MsgId,6,Data0,3,Data1,5,Data2,0,Data3,0
22:22:10,MsgId,6,Data0,4,Data1,1,Data2,0,Data3,0
22:22:10,MsgId,6,Data0,4,Data1,2,Data2,0,Data3,0
22:22:10,MsgId,6,Data0,4,Data1,3,Data2,0,Data3,0
22:22:10,MsgId,6,Data0,4,Data1,4,Data2,0,Data3,0
22:22:10,MsgId,6,Data0,4,Data1,5,Data2,0,Data3,0
22:22:11,MsgId,7,Data0,1,Data1,0,Data2,0
22:22:11,MsgId,7,Data0,2,Data1,0,Data2,0
22:22:11,MsgId,7,Data0,3,Data1,0,Data2,0
22:22:11,MsgId,7,Data0,4,Data1,0,Data2,0
22:22:11,MsgId,5
22:22:11,MsgId,51,Data0,0,Data1,7
22:22:11,MsgId,1
22:27:07,MsgId,6,Data0,1,Data1,1,Data2,0,Data3,0
22:27:07,MsgId,6,Data0,1,Data1,2,Data2,0,Data3,0
22:27:07,MsgId,6,Data0,1,Data1,3,Data2,0,Data3,0
22:27:07,MsgId,6,Data0,1,Data1,4,Data2,0,Data3,0
22:27:07,MsgId,6,Data0,1,Data1,5,Data2,0,Data3,0
22:27:08,MsgId,6,Data0,2,Data1,1,Data2,0,Data3,0
22:27:08,MsgId,6,Data0,2,Data1,2,Data2,0,Data3,0
22:27:08,MsgId,6,Data0,2,Data1,3,Data2,0,Data3,0
22:27:08,MsgId,6,Data0,2,Data1,4,Data2,0,Data3,0
22:27:08,MsgId,6,Data0,2,Data1,5,Data2,0,Data3,0
22:27:09,MsgId,6,Data0,3,Data1,1,Data2,0,Data3,0
22:27:09,MsgId,6,Data0,3,Data1,2,Data2,0,Data3,0
22:27:09,MsgId,6,Data0,3,Data1,3,Data2,0,Data3,0
22:27:09,MsgId,6,Data0,3,Data1,4,Data2,0,Data3,0
22:27:09,MsgId,6,Data0,3,Data1,5,Data2,0,Data3,0
22:27:10,MsgId,6,Data0,4,Data1,1,Data2,0,Data3,0
22:27:10,MsgId,6,Data0,4,Data1,2,Data2,0,Data3,0
22:27:10,MsgId,6,Data0,4,Data1,3,Data2,0,Data3,0
22:27:10,MsgId,6,Data0,4,Data1,4,Data2,0,Data3,0
22:27:10,MsgId,6,Data0,4,Data1,5,Data2,0,Data3,0
22:27:11,MsgId,7,Data0,1,Data1,0,Data2,0
22:27:11,MsgId,7,Data0,2,Data1,0,Data2,0
22:27:11,MsgId,7,Data0,3,Data1,0,Data2,0
22:27:11,MsgId,7,Data0,4,Data1,0,Data2,0
22:27:11,MsgId,5
22:27:11,MsgId,51,Data0,0,Data1,7
22:27:11,MsgId,1
22:32:07,MsgId,6,Data0,1,Data1,1,Data2,0,Data3,0
22:32:07,MsgId,6,Data0,1,Data1,2,Data2,0,Data3,0
22:32:07,MsgId,6,Data0,1,Data1,3,Data2,0,Data3,0
22:32:07,MsgId,6,Data0,1,Data1,4,Data2,0,Data3,0
22:32:07,MsgId,6,Data0,1,Data1,5,Data2,0,Data3,0
22:32:08,MsgId,6,Data0,2,Data1,1,Data2,0,Data3,0
22:32:08,MsgId,6,Data0,2,Data1,2,Data2,0,Data3,0
22:32:08,MsgId,6,Data0,2,Data1,3,Data2,0,Data3,0
22:32:08,MsgId,6,Data0,2,Data1,4,Data2,0,Data3,0
22:32:08,MsgId,6,Data0,2,Data1,5,Data2,0,Data3,0
22:32:09,MsgId,6,Data0,3,Data1,1,Data2,0,Data3,0
22:32:09,MsgId,6,Data0,3,Data1,2,Data2,0,Data3,0
22:32:09,MsgId,6,Data0,3,Data1,3,Data2,0,Data3,0
22:32:09,MsgId,6,Data0,3,Data1,4,Data2,0,Data3,0
22:32:09,MsgId,6,Data0,3,Data1,5,Data2,0,Data3,0
22:32:10,MsgId,6,Data0,4,Data1,1,Data2,0,Data3,0
22:32:10,MsgId,6,Data0,4,Data1,2,Data2,0,Data3,0
22:32:10,MsgId,6,Data0,4,Data1,3,Data2,0,Data3,0
22:32:10,MsgId,6,Data0,4,Data1,4,Data2,0,Data3,0
22:32:10,MsgId,6,Data0,4,Data1,5,Data2,0,Data3,0
22:32:11,MsgId,7,Data0,1,Data1,0,Data2,0
22:32:11,MsgId,7,Data0,2,Data1,0,Data2,0
22:32:11,MsgId,7,Data0,3,Data1,0,Data2,0
22:32:11,MsgId,7,Data0,4,Data1,0,Data2,0
22:32:11,MsgId,5
22:32:11,MsgId,51,Data0,0,Data1,3
22:32:11,MsgId,1
22:37:07,MsgId,6,Data0,1,Data1,1,Data2,0,Data3,0
22:37:07,MsgId,6,Data0,1,Data1,2,Data2,0,Data3,0
22:37:07,MsgId,6,Data0,1,Data1,3,Data2,0,Data3,0
22:37:07,MsgId,6,Data0,1,Data1,4,Data2,0,Data3,0
22:37:07,MsgId,6,Data0,1,Data1,5,Data2,0,Data3,0
22:37:08,MsgId,6,Data0,2,Data1,1,Data2,0,Data3,0
22:37:08,MsgId,6,Data0,2,Data1,2,Data2,0,Data3,0
22:37:08,MsgId,6,Data0,2,Data1,3,Data2,0,Data3,0
22:37:08,MsgId,6,Data0,2,Data1,4,Data2,0,Data3,0
22:37:08,MsgId,6,Data0,2,Data1,5,Data2,0,Data3,0
22:37:09,MsgId,6,Data0,3,Data1,1,Data2,0,Data3,0
22:37:09,MsgId,6,Data0,3,Data1,2,Data2,0,Data3,0
22:37:09,MsgId,6,Data0,3,Data1,3,Data2,0,Data3,0
22:37:09,MsgId,6,Data0,3,Data1,4,Data2,0,Data3,0
22:37:09,MsgId,6,Data0,3,Data1,5,Data2,0,Data3,0
22:37:10,MsgId,6,Data0,4,Data1,1,Data2,0,Data3,0
22:37:10,MsgId,6,Data0,4,Data1,2,Data2,0,Data3,0
22:37:10,MsgId,6,Data0,4,Data1,3,Data2,0,Data3,0
22:37:10,MsgId,6,Data0,4,Data1,4,Data2,0,Data3,0
22:37:10,MsgId,6,Data0,4,Data1,5,Data2,0,Data3,0
22:37:11,MsgId,7,Data0,1,Data1,0,Data2,0
22:37:11,MsgId,7,Data0,2,Data1,0,Data2,0
22:37:11,MsgId,7,Data0,3,Data1,0,Data2,0
22:37:11,MsgId,7,Data0,4,Data1,0,Data2,0
22:37:11,MsgId,5
22:37:11,MsgId,51,Data0,0,Data1,3
22:37:11,MsgId,1
22:42:07,MsgId,6,Data0,1,Data1,1,Data2,0,Data3,0
22:42:07,MsgId,6,Data0,1,Data1,2,Data2,0,Data3,0
22:42:07,MsgId,6,Data0,1,Data1,3,Data2,0,Data3,0
22:42:07,MsgId,6,Data0,1,Data1,4,Data2,0,Data3,0
22:42:07,MsgId,6,Data0,1,Data1,5,Data2,0,Data3,0
22:42:08,MsgId,6,Data0,2,Data1,1,Data2,0,Data3,0
22:42:08,MsgId,6,Data0,2,Data1,2,Data2,0,Data3,0
22:42:08,MsgId,6,Data0,2,Data1,3,Data2,0,Data3,0
22:42:08,MsgId,6,Data0,2,Data1,4,Data2,0,Data3,0
22:42:08,MsgId,6,Data0,2,Data1,5,Data2,0,Data3,0
22:42:09,MsgId,6,Data0,3,Data1,1,Data2,0,Data3,0
22:42:09,MsgId,6,Data0,3,Data1,2,Data2,0,Data3,0
22:42:09,MsgId,6,Data0,3,Data1,3,Data2,0,Data3,0
22:42:09,MsgId,6,Data0,3,Data1,4,Data2,0,Data3,0
22:42:09,MsgId,6,Data0,3,Data1,5,Data2,0,Data3,0
22:42:10,MsgId,6,Data0,4,Data1,1,Data2,0,Data3,0
22:42:10,MsgId,6,Data0,4,Data1,2,Data2,0,Data3,0
22:42:10,MsgId,6,Data0,4,Data1,3,Data2,0,Data3,0
22:42:10,MsgId,6,Data0,4,Data1,4,Data2,0,Data3,0
22:42:10,MsgId,6,Data0,4,Data1,5,Data2,0,Data3,0
22:42:11,MsgId,7,Data0,1,Data1,0,Data2,0
22:42:11,MsgId,7,Data0,2,Data1,0,Data2,0
22:42:11,MsgId,7,Data0,3,Data1,0,Data2,0
22:42:11,MsgId,7,Data0,4,Data1,0,Data2,0
22:42:11,MsgId,5
22:42:11,MsgId,51,Data0,0,Data1,3
22:42:11,MsgId,1
22:47:07,MsgId,6,Data0,1,Data1,1,Data2,0,Data3,0
22:47:07,MsgId,6,Data0,1,Data1,2,Data2,0,Data3,0
22:47:07,MsgId,6,Data0,1,Data1,3,Data2,0,Data3,0
22:47:07,MsgId,6,Data0,1,Data1,4,Data2,0,Data3,0
22:47:07,MsgId,6,Data0,1,Data1,5,Data2,0,Data3,0
22:47:08,MsgId,6,Data0,2,Data1,1,Data2,0,Data3,0
22:47:08,MsgId,6,Data0,2,Data1,2,Data2,0,Data3,0
22:47:08,MsgId,6,Data0,2,Data1,3,Data2,0,Data3,0
22:47:08,MsgId,6,Data0,2,Data1,4,Data2,0,Data3,0
22:47:08,MsgId,6,Data0,2,Data1,5,Data2,0,Data3,0
22:47:09,MsgId,6,Data0,3,Data1,1,Data2,0,Data3,0
22:47:09,MsgId,6,Data0,3,Data1,2,Data2,0,Data3,0
22:47:09,MsgId,6,Data0,3,Data1,3,Data2,0,Data3,0
22:47:09,MsgId,6,Data0,3,Data1,4,Data2,0,Data3,0
22:47:09,MsgId,6,Data0,3,Data1,5,Data2,0,Data3,0
22:47:10,MsgId,6,Data0,4,Data1,1,Data2,0,Data3,0
22:47:10,MsgId,6,Data0,4,Data1,2,Data2,0,Data3,0
22:47:10,MsgId,6,Data0,4,Data1,3,Data2,0,Data3,0
22:47:10,MsgId,6,Data0,4,Data1,4,Data2,0,Data3,0
22:47:10,MsgId,6,Data0,4,Data1,5,Data2,0,Data3,0
22:47:11,MsgId,7,Data0,1,Data1,0,Data2,0
22:47:11,MsgId,7,Data0,2,Data1,0,Data2,0
22:47:11,MsgId,7,Data0,3,Data1,0,Data2,0
22:47:11,MsgId,7,Data0,4,Data1,0,Data2,0
22:47:11,MsgId,5
22:47:11,MsgId,51,Data0,0,Data1,3
22:47:11,MsgId,1
22:52:07,MsgId,6,Data0,1,Data1,1,Data2,0,Data3,0
22:52:07,MsgId,6,Data0,1,Data1,2,Data2,0,Data3,0
22:52:07,MsgId,6,Data0,1,Data1,3,Data2,0,Data3,0
22:52:07,MsgId,6,Data0,1,Data1,4,Data2,0,Data3,0
22:52:07,MsgId,6,Data0,1,Data1,5,Data2,0,Data3,0
22:52:08,MsgId,6,Data0,2,Data1,1,Data2,0,Data3,0
22:52:08,MsgId,6,Data0,2,Data1,2,Data2,0,Data3,0
22:52:08,MsgId,6,Data0,2,Data1,3,Data2,0,Data3,0
22:52:08,MsgId,6,Data0,2,Data1,4,Data2,0,Data3,0
22:52:08,MsgId,6,Data0,2,Data1,5,Data2,0,Data3,0
22:52:09,MsgId,6,Data0,3,Data1,1,Data2,0,Data3,0
22:52:09,MsgId,6,Data0,3,Data1,2,Data2,0,Data3,0
22:52:09,MsgId,6,Data0,3,Data1,3,Data2,0,Data3,0
22:52:09,MsgId,6,Data0,3,Data1,4,Data2,0,Data3,0
22:52:09,MsgId,6,Data0,3,Data1,5,Data2,0,Data3,0
22:52:10,MsgId,6,Data0,4,Data1,1,Data2,0,Data3,0
22:52:10,MsgId,6,Data0,4,Data1,2,Data2,0,Data3,0
22:52:10,MsgId,6,Data0,4,Data1,3,Data2,0,Data3,0
22:52:10,MsgId,6,Data0,4,Data1,4,Data2,0,Data3,0
22:52:10,MsgId,6,Data0,4,Data1,5,Data2,0,Data3,0
22:52:11,MsgId,7,Data0,1,Data1,0,Data2,0
22:52:11,MsgId,7,Data0,2,Data1,0,Data2,0
22:52:11,MsgId,7,Data0,3,Data1,0,Data2,0
22:52:11,MsgId,7,Data0,4,Data1,0,Data2,0
22:52:11,MsgId,5
22:52:11,MsgId,51,Data0,0,Data1,3
22:52:11,MsgId,1
22:57:07,MsgId,6,Data0,1,Data1,1,Data2,0,Data3,0
22:57:07,MsgId,6,Data0,1,Data1,2,Data2,0,Data3,0
22:57:07,MsgId,6,Data0,1,Data1,3,Data2,0,Data3,0
22:57:07,MsgId,6,Data0,1,Data1,4,Data2,0,Data3,0
22:57:07,MsgId,6,Data0,1,Data1,5,Data2,0,Data3,0
22:57:08,MsgId,6,Data0,2,Data1,1,Data2,0,Data3,0
22:57:08,MsgId,6,Data0,2,Data1,2,Data2,0,Data3,0
22:57:08,MsgId,6,Data0,2,Data1,3,Data2,0,Data3,0
22:57:08,MsgId,6,Data0,2,Data1,4,Data2,0,Data3,0
22:57:08,MsgId,6,Data0,2,Data1,5,Data2,0,Data3,0
22:57:09,MsgId,6,Data0,3,Data1,1,Data2,0,Data3,0
22:57:09,MsgId,6,Data0,3,Data1,2,Data2,0,Data3,0
22:57:09,MsgId,6,Data0,3,Data1,3,Data2,0,Data3,0
22:57:09,MsgId,6,Data0,3,Data1,4,Data2,0,Data3,0
22:57:09,MsgId,6,Data0,3,Data1,5,Data2,0,Data3,0
22:57:10,MsgId,6,Data0,4,Data1,1,Data2,0,Data3,0
22:57:10,MsgId,6,Data0,4,Data1,2,Data2,0,Data3,0
22:57:10,MsgId,6,Data0,4,Data1,3,Data2,0,Data3,0
22:57:10,MsgId,6,Data0,4,Data1,4,Data2,0,Data3,0
22:57:10,MsgId,6,Data0,4,Data1,5,Data2,0,Data3,0
22:57:11,MsgId,7,Data0,1,Data1,0,Data2,0
22:57:11,MsgId,7,Data0,2,Data1,0,Data2,0
22:57:11,MsgId,7,Data0,3,Data1,0,Data2,0
22:57:11,MsgId,7,Data0,4,Data1,0,Data2,0
22:57:11,MsgId,5
22:57:11,MsgId,51,Data0,0,Data1,3
22:57:11,MsgId,1
23:02:07,MsgId,6,Data0,1,Data1,1,Data2,0,Data3,0
23:02:07,MsgId,6,Data0,1,Data1,2,Data2,0,Data3,0
23:02:07,MsgId,6,Data0,1,Data1,3,Data2,0,Data3,0
23:02:07,MsgId,6,Data0,1,Data1,4,Data2,0,Data3,0
23:02:07,MsgId,6,Data0,1,Data1,5,Data2,0,Data3,0
23:02:08,MsgId,6,Data0,2,Data1,1,Data2,0,Data3,0
23:02:08,MsgId,6,Data0,2,Data1,2,Data2,0,Data3,0
23:02:08,MsgId,6,Data0,2,Data1,3,Data2,0,Data3,0
23:02:08,MsgId,6,Data0,2,Data1,4,Data2,0,Data3,0
23:02:08,MsgId,6,Data0,2,Data1,5,Data2,0,Data3,0
23:02:09,MsgId,6,Data0,3,Data1,1,Data2,0,Data3,0
23:02:09,MsgId,6,Data0,3,Data1,2,Data2,0,Data3,0
23:02:09,MsgId,6,Data0,3,Data1,3,Data2,0,Data3,0
23:02:09,MsgId,6,Data0,3,Data1,4,Data2,0,Data3,0
23:02:09,MsgId,6,Data0,3,Data1,5,Data2,0,Data3,0
23:02:10,MsgId,6,Data0,4,Data1,1,Data2,0,Data3,0
23:02:10,MsgId,6,Data0,4,Data1,2,Data2,0,Data3,0
23:02:10,MsgId,6,Data0,4,Data1,3,Data2,0,Data3,0
23:02:10,MsgId,6,Data0,4,Data1,4,Data2,0,Data3,0
23:02:10,MsgId,6,Data0,4,Data1,5,Data2,0,Data3,0
23:02:11,MsgId,7,Data0,1,Data1,0,Data2,0
23:02:11,MsgId,7,Data0,2,Data1,0,Data2,0
23:02:11,MsgId,7,Data0,3,Data1,0,Data2,0
23:02:11,MsgId,7,Data0,4,Data1,0,Data2,0
23:02:11,MsgId,5
23:02:11,MsgId,51,Data0,0,Data1,7
23:02:11,MsgId,1
23:07:07,MsgId,6,Data0,1,Data1,1,Data2,0,Data3,0
23:07:07,MsgId,6,Data0,1,Data1,2,Data2,0,Data3,0
23:07:07,MsgId,6,Data0,1,Data1,3,Data2,0,Data3,0
23:07:07,MsgId,6,Data0,1,Data1,4,Data2,0,Data3,0
23:07:07,MsgId,6,Data0,1,Data1,5,Data2,0,Data3,0
23:07:08,MsgId,6,Data0,2,Data1,1,Data2,0,Data3,0
23:07:08,MsgId,6,Data0,2,Data1,2,Data2,0,Data3,0
23:07:08,MsgId,6,Data0,2,Data1,3,Data2,0,Data3,0
23:07:08,MsgId,6,Data0,2,Data1,4,Data2,0,Data3,0
23:07:08,MsgId,6,Data0,2,Data1,5,Data2,0,Data3,0
23:07:09,MsgId,6,Data0,3,Data1,1,Data2,0,Data3,0
23:07:09,MsgId,6,Data0,3,Data1,2,Data2,0,Data3,0
23:07:09,MsgId,6,Data0,3,Data1,3,Data2,0,Data3,0
23:07:09,MsgId,6,Data0,3,Data1,4,Data2,0,Data3,0
23:07:09,MsgId,6,Data0,3,Data1,5,Data2,0,Data3,0
23:07:10,MsgId,6,Data0,4,Data1,1,Data2,0,Data3,0
23:07:10,MsgId,6,Data0,4,Data1,2,Data2,0,Data3,0
23:07:10,MsgId,6,Data0,4,Data1,3,Data2,0,Data3,0
23:07:10,MsgId,6,Data0,4,Data1,4,Data2,0,Data3,0
23:07:10,MsgId,6,Data0,4,Data1,5,Data2,0,Data3,0
23:07:11,MsgId,7,Data0,1,Data1,0,Data2,0
23:07:11,MsgId,7,Data0,2,Data1,0,Data2,0
23:07:11,MsgId,7,Data0,3,Data1,0,Data2,0
23:07:11,MsgId,7,Data0,4,Data1,0,Data2,0
23:07:11,MsgId,5
23:07:11,MsgId,51,Data0,0,Data1,7
23:07:12,MsgId,1
23:12:07,MsgId,6,Data0,1,Data1,1,Data2,0,Data3,0
23:12:07,MsgId,6,Data0,1,Data1,2,Data2,0,Data3,0
23:12:07,MsgId,6,Data0,1,Data1,3,Data2,0,Data3,0
23:12:07,MsgId,6,Data0,1,Data1,4,Data2,0,Data3,0
23:12:07,MsgId,6,Data0,1,Data1,5,Data2,0,Data3,0
23:12:08,MsgId,6,Data0,2,Data1,1,Data2,0,Data3,0
23:12:08,MsgId,6,Data0,2,Data1,2,Data2,0,Data3,0
23:12:08,MsgId,6,Data0,2,Data1,3,Data2,0,Data3,0
23:12:08,MsgId,6,Data0,2,Data1,4,Data2,0,Data3,0
23:12:08,MsgId,6,Data0,2,Data1,5,Data2,0,Data3,0
23:12:09,MsgId,6,Data0,3,Data1,1,Data2,0,Data3,0
23:12:09,MsgId,6,Data0,3,Data1,2,Data2,0,Data3,0
23:12:09,MsgId,6,Data0,3,Data1,3,Data2,0,Data3,0
23:12:09,MsgId,6,Data0,3,Data1,4,Data2,0,Data3,0
23:12:09,MsgId,6,Data0,3,Data1,5,Data2,0,Data3,0
23:12:10,MsgId,6,Data0,4,Data1,1,Data2,0,Data3,0
23:12:10,MsgId,6,Data0,4,Data1,2,Data2,0,Data3,0
23:12:10,MsgId,6,Data0,4,Data1,3,Data2,0,Data3,0
23:12:10,MsgId,6,Data0,4,Data1,4,Data2,0,Data3,0
23:12:10,MsgId,6,Data0,4,Data1,5,Data2,0,Data3,0
23:12:11,MsgId,7,Data0,1,Data1,0,Data2,0
23:12:11,MsgId,7,Data0,2,Data1,0,Data2,0
23:12:11,MsgId,7,Data0,3,Data1,0,Data2,0
23:12:11,MsgId,7,Data0,4,Data1,0,Data2,0
23:12:11,MsgId,5
23:12:11,MsgId,51,Data0,0,Data1,7
23:12:12,MsgId,1
23:17:07,MsgId,6,Data0,1,Data1,1,Data2,0,Data3,0
23:17:07,MsgId,6,Data0,1,Data1,2,Data2,0,Data3,0
23:17:07,MsgId,6,Data0,1,Data1,3,Data2,0,Data3,0
23:17:07,MsgId,6,Data0,1,Data1,4,Data2,0,Data3,0
23:17:07,MsgId,6,Data0,1,Data1,5,Data2,0,Data3,0
23:17:08,MsgId,6,Data0,2,Data1,1,Data2,0,Data3,0
23:17:08,MsgId,6,Data0,2,Data1,2,Data2,0,Data3,0
23:17:08,MsgId,6,Data0,2,Data1,3,Data2,0,Data3,0
23:17:08,MsgId,6,Data0,2,Data1,4,Data2,0,Data3,0
23:17:08,MsgId,6,Data0,2,Data1,5,Data2,0,Data3,0
23:17:09,MsgId,6,Data0,3,Data1,1,Data2,0,Data3,0
23:17:09,MsgId,6,Data0,3,Data1,2,Data2,0,Data3,0
23:17:09,MsgId,6,Data0,3,Data1,3,Data2,0,Data3,0
23:17:09,MsgId,6,Data0,3,Data1,4,Data2,0,Data3,0
23:17:09,MsgId,6,Data0,3,Data1,5,Data2,0,Data3,0
23:17:10,MsgId,6,Data0,4,Data1,1,Data2,0,Data3,0
23:17:10,MsgId,6,Data0,4,Data1,2,Data2,0,Data3,0
23:17:10,MsgId,6,Data0,4,Data1,3,Data2,0,Data3,0
23:17:10,MsgId,6,Data0,4,Data1,4,Data2,0,Data3,0
23:17:10,MsgId,6,Data0,4,Data1,5,Data2,0,Data3,0
23:17:11,MsgId,7,Data0,1,Data1,0,Data2,0
23:17:11,MsgId,7,Data0,2,Data1,0,Data2,0
23:17:11,MsgId,7,Data0,3,Data1,0,Data2,0
23:17:11,MsgId,7,Data0,4,Data1,0,Data2,0
23:17:11,MsgId,5
23:17:11,MsgId,51,Data0,0,Data1,3
23:17:12,MsgId,1
23:22:07,MsgId,6,Data0,1,Data1,1,Data2,0,Data3,0
23:22:07,MsgId,6,Data0,1,Data1,2,Data2,0,Data3,0
23:22:07,MsgId,6,Data0,1,Data1,3,Data2,0,Data3,0
23:22:07,MsgId,6,Data0,1,Data1,4,Data2,0,Data3,0
23:22:07,MsgId,6,Data0,1,Data1,5,Data2,0,Data3,0
23:22:08,MsgId,6,Data0,2,Data1,1,Data2,0,Data3,0
23:22:08,MsgId,6,Data0,2,Data1,2,Data2,0,Data3,0
23:22:08,MsgId,6,Data0,2,Data1,3,Data2,0,Data3,0
23:22:08,MsgId,6,Data0,2,Data1,4,Data2,0,Data3,0
23:22:08,MsgId,6,Data0,2,Data1,5,Data2,0,Data3,0
23:22:09,MsgId,6,Data0,3,Data1,1,Data2,0,Data3,0
23:22:09,MsgId,6,Data0,3,Data1,2,Data2,0,Data3,0
23:22:09,MsgId,6,Data0,3,Data1,3,Data2,0,Data3,0
23:22:09,MsgId,6,Data0,3,Data1,4,Data2,0,Data3,0
23:22:09,MsgId,6,Data0,3,Data1,5,Data2,0,Data3,0
23:22:10,MsgId,6,Data0,4,Data1,1,Data2,0,Data3,0
23:22:10,MsgId,6,Data0,4,Data1,2,Data2,0,Data3,0
23:22:10,MsgId,6,Data0,4,Data1,3,Data2,0,Data3,0
23:22:10,MsgId,6,Data0,4,Data1,4,Data2,0,Data3,0
23:22:10,MsgId,6,Data0,4,Data1,5,Data2,0,Data3,0
23:22:11,MsgId,7,Data0,1,Data1,0,Data2,0
23:22:11,MsgId,7,Data0,2,Data1,0,Data2,0
23:22:11,MsgId,7,Data0,3,Data1,0,Data2,0
23:22:11,MsgId,7,Data0,4,Data1,0,Data2,0
23:22:11,MsgId,5
23:22:11,MsgId,51,Data0,0,Data1,3
23:22:11,MsgId,1
23:27:07,MsgId,6,Data0,1,Data1,1,Data2,0,Data3,0
23:27:07,MsgId,6,Data0,1,Data1,2,Data2,0,Data3,0
23:27:07,MsgId,6,Data0,1,Data1,3,Data2,0,Data3,0
23:27:07,MsgId,6,Data0,1,Data1,4,Data2,0,Data3,0
23:27:07,MsgId,6,Data0,1,Data1,5,Data2,0,Data3,0
23:27:08,MsgId,6,Data0,2,Data1,1,Data2,0,Data3,0
23:27:08,MsgId,6,Data0,2,Data1,2,Data2,0,Data3,0
23:27:08,MsgId,6,Data0,2,Data1,3,Data2,0,Data3,0
23:27:08,MsgId,6,Data0,2,Data1,4,Data2,0,Data3,0
23:27:08,MsgId,6,Data0,2,Data1,5,Data2,0,Data3,0
23:27:09,MsgId,6,Data0,3,Data1,1,Data2,0,Data3,0
23:27:09,MsgId,6,Data0,3,Data1,2,Data2,0,Data3,0
23:27:09,MsgId,6,Data0,3,Data1,3,Data2,0,Data3,0
23:27:09,MsgId,6,Data0,3,Data1,4,Data2,0,Data3,0
23:27:09,MsgId,6,Data0,3,Data1,5,Data2,0,Data3,0
23:27:10,MsgId,6,Data0,4,Data1,1,Data2,0,Data3,0
23:27:10,MsgId,6,Data0,4,Data1,2,Data2,0,Data3,0
23:27:10,MsgId,6,Data0,4,Data1,3,Data2,0,Data3,0
23:27:10,MsgId,6,Data0,4,Data1,4,Data2,0,Data3,0
23:27:11,MsgId,6,Data0,4,Data1,5,Data2,0,Data3,0
23:27:11,MsgId,7,Data0,1,Data1,0,Data2,0
23:27:11,MsgId,7,Data0,2,Data1,0,Data2,0
23:27:11,MsgId,7,Data0,3,Data1,0,Data2,0
23:27:11,MsgId,7,Data0,4,Data1,0,Data2,0
23:27:11,MsgId,5
23:27:11,MsgId,51,Data0,0,Data1,7
23:27:11,MsgId,1
23:32:07,MsgId,6,Data0,1,Data1,1,Data2,0,Data3,0
23:32:07,MsgId,6,Data0,1,Data1,2,Data2,0,Data3,0
23:32:07,MsgId,6,Data0,1,Data1,3,Data2,0,Data3,0
23:32:07,MsgId,6,Data0,1,Data1,4,Data2,0,Data3,0
23:32:07,MsgId,6,Data0,1,Data1,5,Data2,0,Data3,0
23:32:08,MsgId,6,Data0,2,Data1,1,Data2,0,Data3,0
23:32:08,MsgId,6,Data0,2,Data1,2,Data2,0,Data3,0
23:32:08,MsgId,6,Data0,2,Data1,3,Data2,0,Data3,0
23:32:08,MsgId,6,Data0,2,Data1,4,Data2,0,Data3,0
23:32:08,MsgId,6,Data0,2,Data1,5,Data2,0,Data3,0
23:32:09,MsgId,6,Data0,3,Data1,1,Data2,0,Data3,0
23:32:09,MsgId,6,Data0,3,Data1,2,Data2,0,Data3,0
23:32:09,MsgId,6,Data0,3,Data1,3,Data2,0,Data3,0
23:32:09,MsgId,6,Data0,3,Data1,4,Data2,0,Data3,0
23:32:10,MsgId,6,Data0,3,Data1,5,Data2,0,Data3,0
23:32:10,MsgId,6,Data0,4,Data1,1,Data2,0,Data3,0
23:32:10,MsgId,6,Data0,4,Data1,2,Data2,0,Data3,0
23:32:10,MsgId,6,Data0,4,Data1,3,Data2,0,Data3,0
23:32:10,MsgId,6,Data0,4,Data1,4,Data2,0,Data3,0
23:32:11,MsgId,6,Data0,4,Data1,5,Data2,0,Data3,0
23:32:11,MsgId,7,Data0,1,Data1,0,Data2,0
23:32:11,MsgId,7,Data0,2,Data1,0,Data2,0
23:32:11,MsgId,7,Data0,3,Data1,0,Data2,0
23:32:11,MsgId,7,Data0,4,Data1,0,Data2,0
23:32:11,MsgId,5
23:32:11,MsgId,51,Data0,0,Data1,7
23:32:11,MsgId,1
23:37:07,MsgId,6,Data0,1,Data1,1,Data2,0,Data3,0
23:37:07,MsgId,6,Data0,1,Data1,2,Data2,0,Data3,0
23:37:07,MsgId,6,Data0,1,Data1,3,Data2,0,Data3,0
23:37:07,MsgId,6,Data0,1,Data1,4,Data2,0,Data3,0
23:37:07,MsgId,6,Data0,1,Data1,5,Data2,0,Data3,0
23:37:08,MsgId,6,Data0,2,Data1,1,Data2,0,Data3,0
23:37:08,MsgId,6,Data0,2,Data1,2,Data2,0,Data3,0
23:37:08,MsgId,6,Data0,2,Data1,3,Data2,0,Data3,0
23:37:08,MsgId,6,Data0,2,Data1,4,Data2,0,Data3,0
23:37:08,MsgId,6,Data0,2,Data1,5,Data2,0,Data3,0
23:37:09,MsgId,6,Data0,3,Data1,1,Data2,0,Data3,0
23:37:09,MsgId,6,Data0,3,Data1,2,Data2,0,Data3,0
23:37:09,MsgId,6,Data0,3,Data1,3,Data2,0,Data3,0
23:37:09,MsgId,6,Data0,3,Data1,4,Data2,0,Data3,0
23:37:10,MsgId,6,Data0,3,Data1,5,Data2,0,Data3,0
23:37:10,MsgId,6,Data0,4,Data1,1,Data2,0,Data3,0
23:37:10,MsgId,6,Data0,4,Data1,2,Data2,0,Data3,0
23:37:10,MsgId,6,Data0,4,Data1,3,Data2,0,Data3,0
23:37:10,MsgId,6,Data0,4,Data1,4,Data2,0,Data3,0
23:37:11,MsgId,6,Data0,4,Data1,5,Data2,0,Data3,0
23:37:11,MsgId,7,Data0,1,Data1,0,Data2,0
23:37:11,MsgId,7,Data0,2,Data1,0,Data2,0
23:37:11,MsgId,7,Data0,3,Data1,0,Data2,0
23:37:11,MsgId,7,Data0,4,Data1,0,Data2,0
23:37:11,MsgId,5
23:37:11,MsgId,51,Data0,0,Data1,7
23:37:11,MsgId,1
23:42:07,MsgId,6,Data0,1,Data1,1,Data2,0,Data3,0
23:42:07,MsgId,6,Data0,1,Data1,2,Data2,0,Data3,0
23:42:07,MsgId,6,Data0,1,Data1,3,Data2,0,Data3,0
23:42:07,MsgId,6,Data0,1,Data1,4,Data2,0,Data3,0
23:42:07,MsgId,6,Data0,1,Data1,5,Data2,0,Data3,0
23:42:08,MsgId,6,Data0,2,Data1,1,Data2,0,Data3,0
23:42:08,MsgId,6,Data0,2,Data1,2,Data2,0,Data3,0
23:42:08,MsgId,6,Data0,2,Data1,3,Data2,0,Data3,0
23:42:08,MsgId,6,Data0,2,Data1,4,Data2,0,Data3,0
23:42:09,MsgId,6,Data0,2,Data1,5,Data2,0,Data3,0
23:42:09,MsgId,6,Data0,3,Data1,1,Data2,0,Data3,0
23:42:09,MsgId,6,Data0,3,Data1,2,Data2,0,Data3,0
23:42:09,MsgId,6,Data0,3,Data1,3,Data2,0,Data3,0
23:42:09,MsgId,6,Data0,3,Data1,4,Data2,0,Data3,0
23:42:10,MsgId,6,Data0,3,Data1,5,Data2,0,Data3,0
23:42:10,MsgId,6,Data0,4,Data1,1,Data2,0,Data3,0
23:42:10,MsgId,6,Data0,4,Data1,2,Data2,0,Data3,0
23:42:10,MsgId,6,Data0,4,Data1,3,Data2,0,Data3,0
23:42:10,MsgId,6,Data0,4,Data1,4,Data2,0,Data3,0
23:42:11,MsgId,6,Data0,4,Data1,5,Data2,0,Data3,0
23:42:11,MsgId,7,Data0,1,Data1,0,Data2,0
23:42:11,MsgId,7,Data0,2,Data1,0,Data2,0
23:42:11,MsgId,7,Data0,3,Data1,0,Data2,0
23:42:11,MsgId,7,Data0,4,Data1,0,Data2,0
23:42:11,MsgId,5
23:42:11,MsgId,51,Data0,0,Data1,7
23:42:11,MsgId,1
23:47:07,MsgId,6,Data0,1,Data1,1,Data2,0,Data3,0
23:47:07,MsgId,6,Data0,1,Data1,2,Data2,0,Data3,0
23:47:07,MsgId,6,Data0,1,Data1,3,Data2,0,Data3,0
23:47:07,MsgId,6,Data0,1,Data1,4,Data2,0,Data3,0
23:47:08,MsgId,6,Data0,1,Data1,5,Data2,0,Data3,0
23:47:08,MsgId,6,Data0,2,Data1,1,Data2,0,Data3,0
23:47:08,MsgId,6,Data0,2,Data1,2,Data2,0,Data3,0
23:47:08,MsgId,6,Data0,2,Data1,3,Data2,0,Data3,0
23:47:08,MsgId,6,Data0,2,Data1,4,Data2,0,Data3,0
23:47:09,MsgId,6,Data0,2,Data1,5,Data2,0,Data3,0
23:47:09,MsgId,6,Data0,3,Data1,1,Data2,0,Data3,0
23:47:09,MsgId,6,Data0,3,Data1,2,Data2,0,Data3,0
23:47:09,MsgId,6,Data0,3,Data1,3,Data2,0,Data3,0
23:47:09,MsgId,6,Data0,3,Data1,4,Data2,0,Data3,0
23:47:10,MsgId,6,Data0,3,Data1,5,Data2,0,Data3,0
23:47:10,MsgId,6,Data0,4,Data1,1,Data2,0,Data3,0
23:47:10,MsgId,6,Data0,4,Data1,2,Data2,0,Data3,0
23:47:10,MsgId,6,Data0,4,Data1,3,Data2,0,Data3,0
23:47:10,MsgId,6,Data0,4,Data1,4,Data2,0,Data3,0
23:47:11,MsgId,6,Data0,4,Data1,5,Data2,0,Data3,0
23:47:11,MsgId,7,Data0,1,Data1,0,Data2,0
23:47:11,MsgId,7,Data0,2,Data1,0,Data2,0
23:47:11,MsgId,7,Data0,3,Data1,0,Data2,0
23:47:11,MsgId,7,Data0,4,Data1,0,Data2,0
23:47:11,MsgId,5
23:47:11,MsgId,51,Data0,0,Data1,3
23:47:11,MsgId,1
23:52:07,MsgId,6,Data0,1,Data1,1,Data2,0,Data3,0
23:52:07,MsgId,6,Data0,1,Data1,2,Data2,0,Data3,0
23:52:07,MsgId,6,Data0,1,Data1,3,Data2,0,Data3,0
23:52:07,MsgId,6,Data0,1,Data1,4,Data2,0,Data3,0
23:52:08,MsgId,6,Data0,1,Data1,5,Data2,0,Data3,0
23:52:08,MsgId,6,Data0,2,Data1,1,Data2,0,Data3,0
23:52:08,MsgId,6,Data0,2,Data1,2,Data2,0,Data3,0
23:52:08,MsgId,6,Data0,2,Data1,3,Data2,0,Data3,0
23:52:08,MsgId,6,Data0,2,Data1,4,Data2,0,Data3,0
23:52:09,MsgId,6,Data0,2,Data1,5,Data2,0,Data3,0
23:52:09,MsgId,6,Data0,3,Data1,1,Data2,0,Data3,0
23:52:09,MsgId,6,Data0,3,Data1,2,Data2,0,Data3,0
23:52:09,MsgId,6,Data0,3,Data1,3,Data2,0,Data3,0
23:52:09,MsgId,6,Data0,3,Data1,4,Data2,0,Data3,0
23:52:10,MsgId,6,Data0,3,Data1,5,Data2,0,Data3,0
23:52:10,MsgId,6,Data0,4,Data1,1,Data2,0,Data3,0
23:52:10,MsgId,6,Data0,4,Data1,2,Data2,0,Data3,0
23:52:10,MsgId,6,Data0,4,Data1,3,Data2,0,Data3,0
23:52:10,MsgId,6,Data0,4,Data1,4,Data2,0,Data3,0
23:52:11,MsgId,6,Data0,4,Data1,5,Data2,0,Data3,0
23:52:11,MsgId,7,Data0,1,Data1,0,Data2,0
23:52:11,MsgId,7,Data0,2,Data1,0,Data2,0
23:52:11,MsgId,7,Data0,3,Data1,0,Data2,0
23:52:11,MsgId,7,Data0,4,Data1,0,Data2,0
23:52:11,MsgId,5
23:52:11,MsgId,51,Data0,0,Data1,3
23:52:11,MsgId,1
23:57:07,MsgId,6,Data0,1,Data1,1,Data2,0,Data3,0
23:57:07,MsgId,6,Data0,1,Data1,2,Data2,0,Data3,0
23:57:07,MsgId,6,Data0,1,Data1,3,Data2,0,Data3,0
23:57:07,MsgId,6,Data0,1,Data1,4,Data2,0,Data3,0
23:57:08,MsgId,6,Data0,1,Data1,5,Data2,0,Data3,0
23:57:08,MsgId,6,Data0,2,Data1,1,Data2,0,Data3,0
23:57:08,MsgId,6,Data0,2,Data1,2,Data2,0,Data3,0
23:57:08,MsgId,6,Data0,2,Data1,3,Data2,0,Data3,0
23:57:08,MsgId,6,Data0,2,Data1,4,Data2,0,Data3,0
23:57:09,MsgId,6,Data0,2,Data1,5,Data2,0,Data3,0
23:57:09,MsgId,6,Data0,3,Data1,1,Data2,0,Data3,0
23:57:09,MsgId,6,Data0,3,Data1,2,Data2,0,Data3,0
23:57:09,MsgId,6,Data0,3,Data1,3,Data2,0,Data3,0
23:57:09,MsgId,6,Data0,3,Data1,4,Data2,0,Data3,0
23:57:10,MsgId,6,Data0,3,Data1,5,Data2,0,Data3,0
23:57:10,MsgId,6,Data0,4,Data1,1,Data2,0,Data3,0
23:57:10,MsgId,6,Data0,4,Data1,2,Data2,0,Data3,0
23:57:10,MsgId,6,Data0,4,Data1,3,Data2,0,Data3,0
23:57:10,MsgId,6,Data0,4,Data1,4,Data2,0,Data3,0
23:57:11,MsgId,6,Data0,4,Data1,5,Data2,0,Data3,0
23:57:11,MsgId,7,Data0,1,Data1,0,Data2,0
23:57:11,MsgId,7,Data0,2,Data1,0,Data2,0
23:57:11,MsgId,7,Data0,3,Data1,0,Data2,0
23:57:11,MsgId,7,Data0,4,Data1,0,Data2,0
23:57:11,MsgId,5
23:57:11,MsgId,51,Data0,0,Data1,3
23:57:12,MsgId,1
